/*--------------------------------*- C++ -*----------------------------------*\
  =========                 |
  \\      /  F ield         | OpenFOAM: The Open Source CFD Toolbox
   \\    /   O peration     | Website:  https://openfoam.org
    \\  /    A nd           | Version:  6
     \\/     M anipulation  |
\*---------------------------------------------------------------------------*/
FoamFile
{
    version     2.0;
    format      ascii;
    class       labelList;
    note        "nPoints: 6294 nCells: 6063 nFaces: 21336 nInternalFaces: 8979";
    location    "constant/polyMesh";
    object      neighbour;
}
// * * * * * * * * * * * * * * * * * * * * * * * * * * * * * * * * * * * * * //


8979
(
349
3
461
3
5
756
5
7
463
7
9
464
9
11
466
11
13
468
13
15
470
15
17
472
17
19
474
19
21
476
21
23
478
23
25
480
25
27
482
27
29
484
29
31
486
31
33
488
33
35
490
35
37
492
37
39
494
39
41
496
41
43
498
43
45
500
45
47
502
47
49
504
49
51
506
51
53
508
53
55
510
55
57
512
57
59
514
59
61
516
61
63
518
63
65
520
65
67
522
67
69
524
69
71
526
71
73
528
73
75
530
75
78
532
77
78
116
534
312
349
276
451
280
350
351
453
352
452
353
450
354
405
355
406
356
407
357
408
358
409
359
410
360
411
361
412
362
413
363
414
364
415
365
416
366
417
367
418
368
419
369
420
370
421
371
422
372
423
373
424
374
425
375
426
376
427
377
428
378
429
379
430
113
431
113
114
338
246
116
118
535
118
120
577
120
122
579
122
124
581
124
126
583
126
128
585
128
130
587
130
132
589
132
134
591
134
136
593
136
138
595
138
140
597
140
142
599
142
144
601
144
146
603
146
148
605
148
150
607
150
152
609
152
154
611
154
156
613
156
158
615
158
160
617
160
162
619
162
164
621
164
166
623
166
168
625
168
170
627
170
172
629
172
174
631
174
176
633
176
178
635
178
180
637
180
182
639
182
184
641
184
186
643
186
188
645
188
190
647
190
192
649
192
194
651
194
196
653
196
198
655
198
200
657
200
202
659
202
204
661
204
206
663
206
208
665
208
210
667
210
212
669
212
214
671
214
216
673
216
218
675
218
220
677
220
222
679
222
224
681
224
226
683
226
228
685
228
230
687
230
232
689
232
234
691
234
236
693
236
238
695
238
240
697
240
242
699
242
244
701
244
278
703
278
337
319
339
315
457
313
318
320
456
381
460
382
459
383
458
384
432
385
433
386
434
387
435
388
436
389
437
390
438
391
439
392
440
393
441
394
442
281
443
336
380
395
399
341
396
397
445
398
446
345
400
401
447
402
455
403
448
404
449
277
754
280
281
312
451
538
704
350
453
351
452
352
450
353
405
354
406
355
407
356
408
357
409
358
410
359
411
360
412
361
413
362
414
363
415
364
416
365
417
366
418
367
419
368
420
369
421
370
422
371
423
372
424
373
425
374
426
375
427
376
428
377
429
378
430
379
431
573
314
708
320
316
712
318
319
457
710
706
813
456
460
381
459
382
458
383
432
384
433
385
434
386
435
387
436
388
437
389
438
390
439
391
440
392
441
393
442
394
443
444
761
338
339
570
810
380
454
401
738
395
444
396
445
397
446
404
763
400
447
402
448
403
449
461
462
757
778
540
542
543
544
545
546
547
548
549
550
551
552
553
554
555
556
557
558
559
560
561
562
563
564
565
566
567
571
759
715
718
806
821
819
823
824
825
826
827
828
829
830
735
741
835
399
867
851
739
747
740
748
751
745
780
781
782
775
771
769
786
787
788
789
790
791
792
793
794
795
796
797
798
799
800
801
802
803
804
568
572
723
724
725
726
727
728
729
730
731
732
733
736
737
744
836
838
841
752
541
537
766
455
878
776
749
576
709
721
717
574
539
765
465
772
465
467
1157
467
469
915
469
471
916
471
473
918
473
475
920
475
477
922
477
479
924
479
481
926
481
483
928
483
485
930
485
487
932
487
489
934
489
491
936
491
493
938
493
495
940
495
497
942
497
499
944
499
501
946
501
503
948
503
505
950
505
507
952
507
509
954
509
511
956
511
513
958
513
515
960
515
517
962
517
519
964
519
521
966
521
523
968
523
525
970
525
527
972
527
529
974
529
531
976
531
533
978
533
536
980
535
536
578
982
758
834
539
755
985
753
773
575
817
746
814
811
899
809
898
774
843
770
783
768
784
785
897
896
902
895
901
894
900
862
893
861
892
860
891
859
890
858
889
857
888
856
887
855
886
854
885
853
884
850
883
849
882
848
881
847
880
846
879
569
845
569
570
1237
997
762
877
720
805
574
575
756
1001
707
713
578
580
983
580
582
1031
582
584
1033
584
586
1035
586
588
1037
588
590
1039
590
592
1041
592
594
1043
594
596
1045
596
598
1047
598
600
1049
600
602
1051
602
604
1053
604
606
1055
606
608
1057
608
610
1059
610
612
1061
612
614
1063
614
616
1065
616
618
1067
618
620
1069
620
622
1071
622
624
1073
624
626
1075
626
628
1077
628
630
1079
630
632
1081
632
634
1083
634
636
1085
636
638
1087
638
640
1089
640
642
1091
642
644
1093
644
646
1095
646
648
1097
648
650
1099
650
652
1101
652
654
1103
654
656
1105
656
658
1107
658
660
1109
660
662
1111
662
664
1113
664
666
1115
666
668
1117
668
670
1119
670
672
1121
672
674
1123
674
676
1125
676
678
1127
678
680
1129
680
682
1131
682
684
1133
684
686
1135
686
688
1137
688
690
1139
690
692
1141
692
694
1143
694
696
1145
696
698
1147
698
700
1149
700
702
1151
702
705
1275
704
705
734
1211
707
810
1205
711
812
716
719
711
714
1212
713
714
1307
1279
716
722
1274
750
767
719
720
1286
1282
722
760
1153
816
868
818
909
822
876
875
910
874
908
873
907
872
906
871
905
870
904
869
903
734
1175
1210
831
852
820
831
743
844
742
832
764
865
777
864
742
743
1299
1310
866
911
746
773
1186
779
837
863
912
750
839
1208
815
840
753
842
1206
755
817
1192
772
758
808
1197
760
767
1203
762
807
1308
764
833
1214
766
1184
808
992
769
1159
785
771
1002
784
1000
1158
775
1188
783
777
1322
1230
834
842
836
987
814
899
811
898
809
843
999
988
986
897
902
896
901
895
900
862
894
861
893
860
892
859
891
858
890
857
889
856
888
855
887
854
886
853
885
850
884
849
883
848
882
847
881
846
880
845
879
806
1027
816
820
1028
1029
1219
997
1217
813
995
839
1155
841
1154
1277
1200
819
1194
822
1163
868
909
1162
876
910
875
908
874
907
873
906
872
905
871
904
870
903
869
1175
1176
837
1177
840
1199
1182
844
911
865
991
864
912
1304
1030
863
993
989
998
1317
1025
1024
1023
1022
1021
852
1315
1309
913
1018
1017
1016
1015
1014
1013
1012
1011
1010
1009
1180
1178
867
1269
1314
1190
1289
1173
1296
1295
1294
1293
1285
1164
878
1281
1321
990
1266
1265
1264
1260
1261
1019
1257
1256
1255
1254
1253
1252
1251
1250
1242
1007
1245
1225
914
996
994
1006
1005
1004
1172
1171
1170
1169
1168
1167
1161
1240
1179
1020
1263
1218
1223
917
1235
917
919
1737
919
921
1362
921
923
1363
923
925
1365
925
927
1367
927
929
1369
929
931
1371
931
933
1373
933
935
1375
935
937
1377
937
939
1379
939
941
1381
941
943
1383
943
945
1385
945
947
1387
947
949
1389
949
951
1391
951
953
1393
953
955
1395
955
957
1397
957
959
1399
959
961
1401
961
963
1403
963
965
1405
965
967
1407
967
969
1409
969
971
1411
971
973
1413
973
975
1415
975
977
1417
977
979
1419
979
981
1421
981
984
1423
983
984
1032
1425
1193
1233
1160
1224
1227
1232
1003
1278
1220
1276
1026
1357
1232
1272
1209
1226
1183
1243
1008
1241
1213
1345
1156
1228
1236
1239
1312
1189
1222
1001
1157
1201
1003
1222
1692
1174
1351
1244
1334
1246
1342
1008
1246
1666
1234
1247
1249
1333
1332
1344
1331
1343
1330
1341
1329
1340
1328
1339
1327
1338
1326
1337
1258
1336
1020
1258
1660
1259
1303
1262
1302
1325
1347
1324
1346
1026
1335
1657
1283
1350
1267
1323
1185
1290
1271
1320
1032
1034
1426
1034
1036
1470
1036
1038
1472
1038
1040
1474
1040
1042
1476
1042
1044
1478
1044
1046
1480
1046
1048
1482
1048
1050
1484
1050
1052
1486
1052
1054
1488
1054
1056
1490
1056
1058
1492
1058
1060
1494
1060
1062
1496
1062
1064
1498
1064
1066
1500
1066
1068
1502
1068
1070
1504
1070
1072
1506
1072
1074
1508
1074
1076
1510
1076
1078
1512
1078
1080
1514
1080
1082
1516
1082
1084
1518
1084
1086
1520
1086
1088
1522
1088
1090
1524
1090
1092
1526
1092
1094
1528
1094
1096
1530
1096
1098
1532
1098
1100
1534
1100
1102
1536
1102
1104
1538
1104
1106
1540
1106
1108
1542
1108
1110
1544
1110
1112
1546
1112
1114
1548
1114
1116
1550
1116
1118
1552
1118
1120
1554
1120
1122
1556
1122
1124
1558
1124
1126
1560
1126
1128
1562
1128
1130
1564
1130
1132
1566
1132
1134
1568
1134
1136
1570
1136
1138
1572
1138
1140
1574
1140
1142
1576
1142
1144
1578
1144
1146
1580
1146
1148
1582
1148
1150
1584
1150
1152
1586
1152
1594
1724
1204
1273
1248
1271
1156
1187
1652
1235
1207
1270
1160
1278
1729
1166
1284
1165
1196
1291
1319
1165
1166
1739
1769
1191
1195
1292
1352
1318
1356
1316
1355
1313
1354
1297
1353
1174
1297
1640
1221
1291
1305
1298
1300
1216
1227
1181
1234
1181
1231
1635
1183
1198
1612
1185
1233
1614
1187
1270
1616
1189
1276
1619
1191
1349
1623
1193
1202
1624
1195
1196
1755
1761
1198
1290
1650
1215
1301
1201
1202
2048
2110
1204
1226
1668
1238
1306
1207
1243
1628
1209
1358
1642
1211
1221
1275
1213
1280
1648
1215
1216
1673
1730
1218
1228
1627
1220
1223
1664
1229
1430
1746
1225
1617
1244
1440
1467
1638
1289
2576
1231
1775
1676
1611
1595
1468
1637
1237
1238
1359
1436
1240
1361
1268
1242
1596
1249
1443
1633
1334
1342
1442
1248
1778
1699
1588
1333
1344
1332
1343
1331
1341
1330
1340
1329
1339
1328
1338
1327
1337
1326
1336
1455
1260
1662
1262
1263
1303
1458
1456
1302
1347
1325
1346
1324
1335
1319
1428
1269
1760
1674
1621
1593
1300
1749
1274
1469
1287
1594
1644
1349
1350
1590
1280
1734
1731
1348
1591
1283
1288
1725
1285
1429
1292
1287
1288
1777
2015
1351
1608
1656
1604
1352
1356
1318
1355
1316
1354
1313
1353
1741
1299
1767
1311
1618
1320
1607
1609
1688
1345
1358
1309
1626
1307
1736
1734
1323
1348
1763
1311
1312
2044
1764
1654
1315
1675
1768
1457
1357
1359
1646
1601
1465
1322
1592
1774
1690
1431
1461
1694
1697
1702
1704
1709
1710
1446
1445
1433
1360
1463
1454
1453
1452
1451
1450
1448
1441
1707
1444
1437
1460
1459
1630
1434
1466
1439
1598
1686
1602
1743
1599
1723
1435
1432
1658
1759
1765
1364
1744
1364
1366
2182
1366
1368
1791
1368
1370
1792
1370
1372
1794
1372
1374
1796
1374
1376
1798
1376
1378
1800
1378
1380
1802
1380
1382
1804
1382
1384
1806
1384
1386
1808
1386
1388
1810
1388
1390
1812
1390
1392
1814
1392
1394
1816
1394
1396
1818
1396
1398
1820
1398
1400
1822
1400
1402
1824
1402
1404
1826
1404
1406
1828
1406
1408
1830
1408
1410
1832
1410
1412
1834
1412
1414
1836
1414
1416
1838
1416
1418
1840
1418
1420
1842
1420
1422
1844
1422
1424
1846
1424
1427
1848
1426
1427
1471
2285
1671
1773
1605
1771
1620
1738
1432
1438
2126
1634
1684
1631
1726
1436
1600
1735
1438
1462
1860
1606
1757
1643
1733
1447
1712
1449
1695
1613
1727
1649
1784
1589
1719
1447
1781
1878
1449
1684
1874
1708
1782
1703
1711
1701
1713
1696
1714
1693
1715
1464
1691
1661
1687
1603
1685
1663
1683
1680
1718
1610
1679
1462
1679
2105
1464
1780
1883
1716
1721
1641
1779
1720
1722
1636
1778
1669
1776
1471
1473
2216
1473
1475
1892
1475
1477
1893
1477
1479
1895
1479
1481
1897
1481
1483
1899
1483
1485
1901
1485
1487
1903
1487
1489
1905
1489
1491
1907
1491
1493
1909
1493
1495
1911
1495
1497
1913
1497
1499
1915
1499
1501
1917
1501
1503
1919
1503
1505
1921
1505
1507
1923
1507
1509
1925
1509
1511
1927
1511
1513
1929
1513
1515
1931
1515
1517
1933
1517
1519
1935
1519
1521
1937
1521
1523
1939
1523
1525
1941
1525
1527
1943
1527
1529
1945
1529
1531
1947
1531
1533
1949
1533
1535
1951
1535
1537
1953
1537
1539
1955
1539
1541
1957
1541
1543
1959
1543
1545
1961
1545
1547
1963
1547
1549
1965
1549
1551
1967
1551
1553
1969
1553
1555
1971
1555
1557
1973
1557
1559
1975
1559
1561
1977
1561
1563
1979
1563
1565
1981
1565
1567
1983
1567
1569
1985
1569
1571
1987
1571
1573
1989
1573
1575
1991
1575
1577
1993
1577
1579
1995
1579
1581
1997
1581
1583
1999
1583
1585
2001
1585
1587
2003
1587
1881
2005
1589
1597
2007
1706
1728
1592
1681
2096
1700
1716
2576
1625
1698
1597
1667
2094
1655
1740
1600
1659
2093
1689
1742
1603
1647
2086
1605
1606
2150
2186
1672
1682
1615
1705
1610
1683
2084
1720
1748
1613
1651
2082
1615
1698
2036
1622
1750
1747
1751
1752
1772
1620
1645
2070
1622
1629
2041
1632
1754
1625
1756
2063
1670
1678
1639
1745
1629
1727
2061
1631
1632
2118
2199
1634
1747
2021
1636
1677
2053
1786
2048
1639
1653
2051
1641
1758
2204
1643
1783
2055
1645
1665
2057
1647
1753
2161
1649
1732
2068
1651
1705
2147
1653
1750
2072
1655
1766
2074
1670
1689
1658
1659
2213
2162
1661
1691
2066
1663
1717
2089
1665
1787
2091
1667
1695
2098
1669
1733
2217
1891
1742
1790
1673
2141
2013
1675
2196
2059
1677
2210
2112
1788
1851
1852
1681
2123
2116
1721
1853
1854
2034
1686
1866
1766
1688
2028
1717
2088
1718
1773
1862
1706
1738
1694
1864
1780
2149
1697
2009
1715
1877
1700
2173
2134
1702
1888
1714
1704
1876
1713
1875
2175
1719
1781
1709
1873
1711
1712
1782
2142
1872
2011
1871
1869
1865
2014
1855
1858
1863
2100
1730
1885
1783
1784
1881
2326
1726
2017
2154
1857
1729
2046
1751
2013
1732
2020
2168
2026
2018
1736
2093
2019
1744
1786
2022
1762
1770
1741
2023
1758
2030
1753
1757
2027
1746
2049
1787
2080
1749
2079
1785
2077
2038
1785
2039
2040
1755
2184
2159
2033
2110
2042
1861
1760
2171
2195
1762
2159
2197
1768
1788
1765
2045
2193
1789
1772
2054
2058
1770
1771
2181
2205
1850
2120
1775
2097
2209
1777
2115
2016
2025
2103
2326
2101
1856
2137
1868
1886
1882
2031
1890
1880
1867
2075
2108
2163
1793
2224
1793
1795
2437
1795
1797
2229
1797
1799
2230
1799
1801
2232
1801
1803
2234
1803
1805
2236
1805
1807
2238
1807
1809
2240
1809
1811
2242
1811
1813
2244
1813
1815
2246
1815
1817
2248
1817
1819
2250
1819
1821
2252
1821
1823
2254
1823
1825
2256
1825
1827
2258
1827
1829
2260
1829
1831
2262
1831
1833
2264
1833
1835
2266
1835
1837
2268
1837
1839
2270
1839
1841
2272
1841
1843
2274
1843
1845
2276
1845
1847
2278
1847
1849
2280
1849
2285
2282
2109
2111
2152
2158
2085
2153
2114
2140
2090
2121
2122
2219
1859
2145
2083
2136
1859
2008
2578
2106
2125
2024
2208
1884
2144
2129
2176
1870
2190
2135
2189
1867
2087
2454
1887
2132
1870
2010
2444
1889
2124
1879
2167
2166
2222
2035
2148
2037
2146
2133
2143
2065
2138
1879
2145
2310
2060
2151
2104
2156
2164
1884
2102
2308
2128
2129
1887
2069
2306
1889
2012
2319
2050
2119
2130
2158
1894
2131
1894
1896
2298
1896
1898
2327
1898
1900
2328
1900
1902
2330
1902
1904
2332
1904
1906
2334
1906
1908
2336
1908
1910
2338
1910
1912
2340
1912
1914
2342
1914
1916
2344
1916
1918
2346
1918
1920
2348
1920
1922
2350
1922
1924
2352
1924
1926
2354
1926
1928
2356
1928
1930
2358
1930
1932
2360
1932
1934
2362
1934
1936
2364
1936
1938
2366
1938
1940
2368
1940
1942
2370
1942
1944
2372
1944
1946
2374
1946
1948
2376
1948
1950
2378
1950
1952
2380
1952
1954
2382
1954
1956
2384
1956
1958
2386
1958
1960
2388
1960
1962
2390
1962
1964
2392
1964
1966
2394
1966
1968
2396
1968
1970
2398
1970
1972
2400
1972
1974
2402
1974
1976
2404
1976
1978
2406
1978
1980
2408
1980
1982
2410
1982
1984
2412
1984
1986
2414
1986
1988
2416
1988
1990
2418
1990
1992
2420
1992
1994
2422
1994
1996
2424
1996
1998
2426
1998
2000
2428
2000
2002
2430
2002
2004
2432
2004
2006
2434
2006
2165
2524
2008
2095
2436
2010
2124
2562
2012
2133
2440
2178
2029
2170
2016
2017
2461
2582
2019
2020
2865
2711
2081
2172
2071
2174
2024
2076
2448
2127
2173
2056
2221
2032
2185
2029
2067
2450
2177
2215
2032
2033
2457
2064
2035
2172
2498
2037
2138
2610
2047
2191
2109
2192
2043
2160
2062
2107
2043
2188
2290
2045
2054
2469
2047
2202
2570
2110
2050
2052
2471
2052
2073
2473
2113
2127
2139
2056
2132
2477
2092
2157
2059
2060
2617
2623
2062
2136
2286
2064
2065
2458
2636
2067
2144
2554
2069
2169
2483
2071
2157
2485
2073
2078
2487
2075
2076
2595
2642
2078
2107
2470
2164
2176
2081
2191
2491
2083
2211
2494
2085
2121
2496
2087
2223
2500
2130
2215
2090
2170
2481
2092
2119
2502
2183
2095
2099
2506
2097
2117
2508
2099
2212
2510
2189
2203
2102
2190
2504
2104
2225
2165
2106
2153
2519
2533
2177
2226
2227
2139
2598
2113
2640
2529
2203
2287
2218
2460
2117
2546
2527
2155
2200
2291
2163
2219
2293
2123
2648
2545
2317
2126
2300
2220
2451
2180
2294
2295
2318
2216
2283
2299
2463
2135
2557
2550
2296
2167
2222
2303
2312
2141
2536
2179
2143
2166
2305
2304
2475
2147
2513
2211
2149
2489
2212
2187
2207
2152
2563
2559
2288
2155
2584
2564
2192
2325
2315
2479
2322
2161
2465
2223
2183
2214
2573
2455
2446
2517
2228
2169
2641
2580
2590
2194
2442
2445
2468
2175
2452
2202
2459
2462
2179
2180
2890
2591
2198
2206
2185
2224
2599
2201
2323
2601
2187
2188
2593
2602
2467
2586
2515
2493
2194
2565
2612
2196
2443
2616
2198
2324
2618
2200
2201
2627
2619
2321
2447
2208
2225
2206
2207
2632
2629
2316
2210
2509
2639
2456
2313
2214
2220
2541
2480
2285
2218
2221
2651
2512
2292
2314
2542
2302
2289
2446
2631
2657
2525
2597
2311
2571
2231
2438
2231
2233
2985
2233
2235
2661
2235
2237
2662
2237
2239
2664
2239
2241
2666
2241
2243
2668
2243
2245
2670
2245
2247
2672
2247
2249
2674
2249
2251
2676
2251
2253
2678
2253
2255
2680
2255
2257
2682
2257
2259
2684
2259
2261
2686
2261
2263
2688
2263
2265
2690
2265
2267
2692
2267
2269
2694
2269
2271
2696
2271
2273
2698
2273
2275
2700
2275
2277
2702
2277
2279
2704
2279
2281
2706
2281
2284
2708
2283
2284
2298
2710
2297
2532
2535
2656
2497
2520
2439
2607
2534
2603
2472
2547
2301
2540
2482
2538
2543
2548
2548
2614
2297
2495
3053
2575
2307
2549
2301
2521
2725
2466
2539
2638
2645
2309
2553
2518
2611
2307
2484
2716
2309
2505
2735
2311
2476
2736
2469
2526
2490
2626
2478
2653
2503
2555
2449
2523
2320
2561
2567
2605
2320
2441
2880
2453
2569
2323
2324
2572
2877
2544
2600
2576
2329
2575
2329
2331
2752
2331
2333
2756
2333
2335
2758
2335
2337
2760
2337
2339
2762
2339
2341
2764
2341
2343
2766
2343
2345
2768
2345
2347
2770
2347
2349
2772
2349
2351
2774
2351
2353
2776
2353
2355
2778
2355
2357
2780
2357
2359
2782
2359
2361
2784
2361
2363
2786
2363
2365
2788
2365
2367
2790
2367
2369
2792
2369
2371
2794
2371
2373
2796
2373
2375
2798
2375
2377
2800
2377
2379
2802
2379
2381
2804
2381
2383
2806
2383
2385
2808
2385
2387
2810
2387
2389
2812
2389
2391
2814
2391
2393
2816
2393
2395
2818
2395
2397
2820
2397
2399
2822
2399
2401
2824
2401
2403
2826
2403
2405
2828
2405
2407
2830
2407
2409
2832
2409
2411
2834
2411
2413
2836
2413
2415
2838
2415
2417
2840
2417
2419
2842
2419
2421
2844
2421
2423
2846
2423
2425
2848
2425
2427
2850
2427
2429
2852
2429
2431
2854
2431
2433
2856
2433
2435
2858
2435
2531
2860
2507
2577
2438
2439
3282
3024
2441
2464
2730
2443
2568
2867
2585
2646
2492
2537
2522
2588
2615
2449
2643
2870
2566
2589
2530
2579
2453
2486
2754
2501
2594
2544
2596
2514
2574
2458
2606
2637
2596
2614
2461
2608
2583
2552
2609
2464
2611
2742
2466
2534
2903
2551
2615
2557
2579
2565
2556
2592
2472
2474
2733
2474
2488
2913
2476
2621
2915
2478
2549
2917
2560
2567
2552
2605
2482
2635
2728
2484
2581
2922
2486
2555
2924
2488
2592
2926
2490
2499
2928
2492
2516
2930
2525
2587
2495
2574
2723
2497
2538
2932
2499
2537
2936
2501
2539
3057
2503
2547
2938
2505
2654
2942
2507
2511
2944
2509
2528
2946
2511
2626
2948
2647
2655
2514
2649
2721
2516
2604
2950
2518
2558
2954
2520
2521
3063
3071
2523
2524
2726
2531
2863
2644
2658
2528
2979
3037
2530
3013
2962
2727
2533
2952
2556
2720
2536
3011
2968
2918
2987
2722
2541
2959
2622
2558
2571
2591
2714
2719
2546
3068
2978
2715
2966
2940
2551
2994
2983
2717
2554
2996
2566
2866
2901
2659
2737
2560
2741
3001
2562
2738
2646
2625
2740
2650
3005
2744
2905
2729
2613
2747
2570
2748
2604
2911
2620
2878
2631
2655
2750
2710
2578
2874
2621
2883
2581
2960
3019
2583
2584
2895
3021
2586
2746
2654
2600
2871
2656
2873
2590
2875
2635
2888
2718
2630
2882
2595
3031
3030
2724
2598
2891
2644
2622
2865
2886
2606
2607
2603
2882
3032
2713
2745
2920
2887
2652
2894
2657
2896
2645
2649
2899
2613
2990
3041
2919
2935
2617
2869
2624
2633
2879
2620
2628
3044
2933
2753
2624
2625
3141
3046
2864
2628
2650
2998
2630
2634
3050
2907
2633
2634
3081
3323
2909
2637
2638
2921
3058
2640
2947
3012
2711
2753
2643
3030
3061
2876
2884
2897
2648
3075
3067
2731
2889
2652
2653
2956
3049
3007
2739
2660
2712
2744
3018
2961
2994
3010
3023
2663
3009
2663
2665
3407
2665
2667
3089
2667
2669
3090
2669
2671
3092
2671
2673
3094
2673
2675
3096
2675
2677
3098
2677
2679
3100
2679
2681
3102
2681
2683
3104
2683
2685
3106
2685
2687
3108
2687
2689
3110
2689
2691
3112
2691
2693
3114
2693
2695
3116
2695
2697
3118
2697
2699
3120
2699
2701
3122
2701
2703
3124
2703
2705
3126
2705
2707
3128
2707
2709
3130
2709
2957
3132
2957
2865
2969
3040
2749
2967
2965
2971
2734
2992
2923
3035
2973
2976
2902
3064
2977
2991
2974
3033
2732
2970
2904
3056
2751
3052
2977
2980
2964
3073
2727
2870
2861
2910
2986
2988
3036
2743
3043
2732
2885
3295
2734
2914
3153
2943
2995
2916
3028
2912
2975
2881
3016
2908
3074
2741
3004
3175
2743
2900
3162
2990
2973
3036
2898
3006
2868
3008
2749
2755
3167
2751
2970
3170
2757
3014
2958
2755
2925
3173
2757
2759
3176
2759
2761
3178
2761
2763
3180
2763
2765
3182
2765
2767
3184
2767
2769
3186
2769
2771
3188
2771
2773
3190
2773
2775
3192
2775
2777
3194
2777
2779
3196
2779
2781
3198
2781
2783
3200
2783
2785
3202
2785
2787
3204
2787
2789
3206
2789
2791
3208
2791
2793
3210
2793
2795
3212
2795
2797
3214
2797
2799
3216
2799
2801
3218
2801
2803
3220
2803
2805
3222
2805
2807
3224
2807
2809
3226
2809
2811
3228
2811
2813
3230
2813
2815
3232
2815
2817
3234
2817
2819
3236
2819
2821
3238
2821
2823
3240
2823
2825
3242
2825
2827
3244
2827
2829
3246
2829
2831
3248
2831
2833
3250
2833
2835
3252
2835
2837
3254
2837
2839
3256
2839
2841
3258
2841
2843
3260
2843
2845
3262
2845
2847
3264
2847
2849
3266
2849
2851
3268
2851
2853
3270
2853
2855
3272
2855
2857
3274
2857
2859
3276
2859
2862
3278
2861
2862
3322
3813
2872
2892
2929
2993
2939
2972
2868
2869
3415
3429
3066
2872
2982
3432
2981
3022
2945
3015
2906
3003
2893
3017
2878
2879
3026
3000
2881
3043
3171
3002
2961
2963
2885
3060
3293
2991
3034
3025
3029
2890
2999
2997
3079
2968
2892
2893
3718
3450
2895
3070
3281
2976
3039
2898
3016
3298
2900
2955
3300
2902
2953
3302
2904
2974
3304
2906
3077
3308
2908
2969
3460
2910
3003
3311
2912
3028
3462
2914
2927
3314
2916
2934
3320
2941
3048
2931
2989
2980
3055
2921
3029
3059
2923
3020
3328
2925
2972
3330
2927
3064
3332
2929
2937
3334
2931
2951
3336
3054
3062
2934
3015
3145
2981
2984
2937
2989
3136
2939
2992
3345
2941
3035
3347
2943
3076
3349
2945
2949
3351
2947
3038
3352
2949
2993
3353
2951
2967
3355
2953
3083
3359
2955
2975
3361
3069
3082
3014
2959
2960
2964
3086
3310
2963
3421
3368
3087
2966
3317
3055
3398
3138
3297
3289
2999
3135
3137
3339
3166
3338
3292
3357
2979
3480
3380
3084
3147
3034
3146
2984
3389
3385
3009
3148
2987
3149
3054
3001
3150
3151
3342
3329
3393
3156
3280
2996
3287
3077
2998
3492
3402
3140
3027
3080
3157
3051
3158
3160
3047
3161
3021
3078
3007
3163
3076
3042
3165
3169
3011
3383
3139
3013
3374
3420
3133
3363
3340
3018
3455
3343
3020
3088
3427
3281
3023
3412
3430
3025
3316
3433
3027
3045
3291
3313
3294
3325
3065
3326
3033
3158
3442
3143
3482
3358
3038
3381
3448
3040
3436
3451
3042
3344
3453
3306
3045
3402
3456
3047
3142
3458
3049
3285
3082
3051
3324
3465
3053
3283
3083
3469
3144
3057
3085
3065
3059
3060
3294
3472
3066
3327
3063
3497
3072
3154
3464
3322
3068
3475
3479
3070
3378
3366
3072
3073
3705
3487
3075
3388
3474
3159
3155
3079
3367
3401
3081
3438
3403
3172
3168
3375
3404
3305
3463
3087
3088
3488
3568
3091
3447
3091
3093
3502
3093
3095
3504
3095
3097
3506
3097
3099
3508
3099
3101
3510
3101
3103
3512
3103
3105
3514
3105
3107
3516
3107
3109
3518
3109
3111
3520
3111
3113
3522
3113
3115
3524
3115
3117
3526
3117
3119
3528
3119
3121
3530
3121
3123
3532
3123
3125
3534
3125
3127
3536
3127
3129
3538
3129
3131
3540
3131
3134
3542
3133
3134
3177
3544
3318
3370
3152
3371
3346
3399
3139
3140
3558
3424
3142
3429
3580
3376
3446
3319
3375
3364
3382
3384
3477
3386
3476
3282
3387
3312
3468
3391
3467
3152
3337
3731
3315
3392
3303
3423
3288
3419
3335
3445
3175
3441
3406
3164
3408
3309
3440
3410
3416
3301
3369
3164
3299
3582
3414
3444
3400
3443
3174
3397
3284
3396
3395
3417
3290
3394
3307
3379
3286
3377
3174
3331
3553
3416
3177
3179
3545
3179
3181
3587
3181
3183
3590
3183
3185
3592
3185
3187
3594
3187
3189
3596
3189
3191
3598
3191
3193
3600
3193
3195
3602
3195
3197
3604
3197
3199
3606
3199
3201
3608
3201
3203
3610
3203
3205
3612
3205
3207
3614
3207
3209
3616
3209
3211
3618
3211
3213
3620
3213
3215
3622
3215
3217
3624
3217
3219
3626
3219
3221
3628
3221
3223
3630
3223
3225
3632
3225
3227
3634
3227
3229
3636
3229
3231
3638
3231
3233
3640
3233
3235
3642
3235
3237
3644
3237
3239
3646
3239
3241
3648
3241
3243
3650
3243
3245
3652
3245
3247
3654
3247
3249
3656
3249
3251
3658
3251
3253
3660
3253
3255
3662
3255
3257
3664
3257
3259
3666
3259
3261
3668
3261
3263
3670
3263
3265
3672
3265
3267
3674
3267
3269
3676
3269
3271
3678
3271
3273
3680
3273
3275
3682
3275
3277
3684
3277
3279
3686
3279
3418
3688
3389
3405
3365
3316
3284
3394
3691
3286
3348
3698
3288
3350
3700
3290
3296
3702
3437
3457
3426
3439
3425
3494
3435
3296
3425
3719
3452
3483
3299
3341
3552
3301
3362
3722
3303
3360
3726
3305
3400
3728
3307
3369
3729
3309
3419
3841
3405
3409
3312
3440
3551
3321
3461
3315
3333
3549
3373
3318
3319
3894
3889
3321
3382
3589
3390
3324
3403
3747
3326
3327
3484
3470
3428
3489
3446
3473
3331
3399
3744
3333
3423
3756
3335
3371
3758
3337
3356
3760
3411
3495
3372
3439
3341
3379
3740
3343
3344
3725
3903
3346
3481
3585
3348
3498
3767
3350
3408
3770
3354
3413
3374
3449
3354
3445
3548
3356
3422
3774
3404
3473
3372
3467
3360
3396
3547
3362
3411
3778
3364
3413
3780
3366
3367
3799
3852
3409
3811
3499
3424
3500
3503
3737
3434
3478
3550
3766
3384
3690
3378
3846
3798
3584
3381
3901
3803
3738
3431
3557
3559
3386
3800
3808
3395
3478
3490
3555
3563
3471
3813
3441
3554
3393
3815
3481
3762
3886
3561
3398
3776
3422
3578
3754
3491
3831
3565
3752
3579
3746
3466
3571
3417
3447
3572
3577
3459
3573
3574
3476
3575
3793
3415
3866
3714
3694
3697
3813
3854
3689
3421
3873
3830
3713
3564
3717
3783
3436
3769
3428
3570
3832
3714
3431
3576
3844
3477
3699
3434
3435
3703
3472
3711
3438
3834
3853
3721
3742
3696
3443
3571
3867
3454
3710
3715
3773
3749
3449
3804
3876
3493
3772
3452
3864
3874
3454
3905
3879
3493
3724
3457
3567
3871
3459
3581
3882
3483
3490
3462
3735
3495
3464
3888
3485
3466
3748
3890
3884
3469
3909
3496
3471
3486
3855
3494
3693
3475
3556
3896
3560
3807
3782
3480
3897
3900
3733
3489
3498
3764
3485
3486
3878
4170
3488
3707
3569
3501
3712
3492
3912
3566
3704
3703
3708
3497
3816
3706
3899
3723
3881
3789
3893
3833
3907
3505
3750
3732
3797
3505
3507
4194
3507
3509
3921
3509
3511
3922
3511
3513
3924
3513
3515
3926
3515
3517
3928
3517
3519
3930
3519
3521
3932
3521
3523
3934
3523
3525
3936
3525
3527
3938
3527
3529
3940
3529
3531
3942
3531
3533
3944
3533
3535
3946
3535
3537
3948
3537
3539
3950
3539
3541
3952
3541
3543
3954
3543
3546
3956
3545
3546
3588
3958
3562
3836
3716
3792
3757
3848
3873
3877
3743
3914
3741
3827
3745
3825
3802
3898
3556
3819
4149
3558
3908
3717
3806
3839
3809
3895
3562
3692
4145
3790
3800
3727
3812
3566
3567
4197
4281
3569
3570
4243
4391
3843
3583
3821
3695
3822
3709
3820
3576
3916
3984
3801
3859
3586
3796
3810
3828
3581
3829
4003
3583
3827
4255
3730
3791
3586
3734
4002
3588
3591
3959
3739
3835
3591
3593
4000
3593
3595
4008
3595
3597
4010
3597
3599
4012
3599
3601
4014
3601
3603
4016
3603
3605
4018
3605
3607
4020
3607
3609
4022
3609
3611
4024
3611
3613
4026
3613
3615
4028
3615
3617
4030
3617
3619
4032
3619
3621
4034
3621
3623
4036
3623
3625
4038
3625
3627
4040
3627
3629
4042
3629
3631
4044
3631
3633
4046
3633
3635
4048
3635
3637
4050
3637
3639
4052
3639
3641
4054
3641
3643
4056
3643
3645
4058
3645
3647
4060
3647
3649
4062
3649
3651
4064
3651
3653
4066
3653
3655
4068
3655
3657
4070
3657
3659
4072
3659
3661
4074
3661
3663
4076
3663
3665
4078
3665
3667
4080
3667
3669
4082
3669
3671
4084
3671
3673
4086
3673
3675
4088
3675
3677
4090
3677
3679
4092
3679
3681
4094
3681
3683
4096
3683
3685
4098
3685
3687
4100
3687
3688
4102
3856
3701
3840
3838
3842
3692
3763
3999
3805
3810
3695
3696
4108
3824
3751
3885
3768
3845
3718
3785
3701
3771
3993
3720
3814
3849
3788
3850
3706
3707
3976
4241
3709
3736
4109
3823
3865
3864
3869
3765
3818
3777
3817
3829
3716
3759
4116
3794
3772
3720
3784
4120
3837
3847
3723
3779
4118
3725
3851
3904
3727
3836
4124
3755
3915
3730
3881
4209
3732
3761
4128
3734
3860
4130
3736
3835
4134
3837
3902
3739
3781
3983
3741
3791
4137
3743
3862
4139
3745
3796
4141
3790
3801
3748
3753
3981
3750
3751
4313
4305
3753
3853
3995
3755
3868
4151
3757
3812
4154
3759
3797
4156
3761
3775
4158
3763
3814
4160
3765
3875
4163
3828
3870
3768
3906
4232
3847
3892
3771
3821
3980
3786
3805
3842
3775
3817
4168
3777
3825
4174
3779
3820
4177
3781
3857
4179
3887
4181
3784
4278
3979
3787
3826
3787
3788
4275
4222
3795
4185
3917
4143
3793
4005
3857
3795
3908
3961
4257
3962
3799
4229
3963
3971
3974
3824
3967
3804
4309
4204
3990
3807
4107
3826
3809
4300
4211
3970
3830
3858
3973
3988
3848
3860
3913
3975
3978
3819
4199
4233
3968
4113
3883
3989
3880
3987
3992
3998
4271
3969
4162
4165
4115
3852
3861
3833
4408
4325
3872
4183
4227
4007
4123
3839
4299
4265
3841
3964
3862
4132
3891
4106
3863
3985
3846
4331
4235
3965
4122
4181
4278
3851
4329
4273
3963
4182
3855
3856
4172
4254
3997
3859
4293
4191
4147
3911
3920
4201
3908
3966
4104
3866
4247
4166
3868
4106
4284
3892
4111
3889
3972
3872
4283
4304
3918
3875
4105
4288
3877
4205
4290
3910
4171
3880
4318
4287
3991
3883
4004
4295
3898
3902
3886
4133
3887
4307
3910
3915
4136
3891
3982
4301
4173
3894
4261
4136
3916
3919
3897
4150
4302
4216
3906
3907
3901
4303
4308
4164
3904
3905
4274
4316
3986
4152
3913
3914
4176
3912
4334
4196
4220
3977
4312
4126
4213
4245
4115
4186
4212
4267
4187
4248
3923
4221
3923
3925
4582
3925
3927
4342
3927
3929
4343
3929
3931
4345
3931
3933
4347
3933
3935
4349
3935
3937
4351
3937
3939
4353
3939
3941
4355
3941
3943
4357
3943
3945
4359
3945
3947
4361
3947
3949
4363
3949
3951
4365
3951
3953
4367
3953
3955
4369
3955
3957
4371
3957
3960
4603
3959
3960
4001
4516
4190
4262
4129
4193
4187
3994
4200
4203
4269
4190
4250
4206
4319
4110
4294
4138
4279
4210
4238
4213
4300
4214
4253
4125
4272
4215
4245
3976
4217
4242
4140
4219
4175
4258
4239
4332
4114
4244
3982
3996
4402
4180
4226
3985
4127
4249
4153
4231
4236
4246
4121
4228
4218
4237
4192
4238
4119
4208
4108
4202
3994
4244
4374
3996
4184
4401
4006
4251
4142
4195
4161
4189
4001
4009
4514
4131
4256
4004
4167
4508
4006
4117
4409
4146
4259
4009
4011
4340
4011
4013
4414
4013
4015
4416
4015
4017
4418
4017
4019
4420
4019
4021
4422
4021
4023
4424
4023
4025
4426
4025
4027
4428
4027
4029
4430
4029
4031
4432
4031
4033
4434
4033
4035
4436
4035
4037
4438
4037
4039
4440
4039
4041
4442
4041
4043
4444
4043
4045
4446
4045
4047
4448
4047
4049
4450
4049
4051
4452
4051
4053
4454
4053
4055
4456
4055
4057
4458
4057
4059
4460
4059
4061
4462
4061
4063
4464
4063
4065
4466
4065
4067
4468
4067
4069
4470
4069
4071
4472
4071
4073
4474
4073
4075
4476
4075
4077
4478
4077
4079
4480
4079
4081
4482
4081
4083
4484
4083
4085
4486
4085
4087
4488
4087
4089
4490
4089
4091
4492
4091
4093
4494
4093
4095
4496
4095
4097
4498
4097
4099
4500
4099
4101
4502
4101
4103
4504
4103
4254
4629
4105
4112
4506
4322
4266
4270
4218
4110
4135
4512
4112
4292
4519
4114
4264
4679
4223
4117
4157
4524
4119
4178
4526
4121
4239
4529
4155
4224
4188
4203
4125
4259
4650
4127
4268
4536
4129
4159
4540
4131
4148
4688
4192
4297
4225
4306
4135
4298
4411
4240
4138
4144
4548
4140
4207
4549
4142
4280
4552
4144
4252
4553
4146
4189
4555
4148
4224
4902
4150
4234
4557
4285
4326
4153
4310
4545
4155
4272
4564
4157
4193
4566
4159
4169
4568
4161
4228
4569
4210
4253
4198
4289
4188
4311
4166
4167
4647
4598
4169
4258
4518
4171
4172
4321
4517
4269
4291
4175
4195
4579
4320
4337
4178
4294
4576
4180
4251
4585
4286
4183
4184
4336
4587
4260
4263
4290
4592
4230
4377
4533
4559
4215
4578
4341
4388
4221
4314
4373
4197
4633
4282
4199
4638
4610
4201
4580
4207
4206
4407
4379
4205
4636
4615
4510
4378
4209
4376
4252
4528
4212
4644
4620
4339
4240
4385
4387
4311
4319
4327
4384
4390
4220
4511
4327
4544
4277
4328
4293
4393
4394
4307
4531
4227
4395
4298
4412
4230
4235
4396
4232
4338
4330
4234
4611
4639
4604
4641
4660
4296
4398
4400
4531
4405
4242
4243
4507
4391
4538
4404
4247
4672
4647
4333
4397
4250
4537
4645
4380
4573
4382
4517
4264
4279
4257
4654
4280
4535
4413
4261
4682
4405
4263
4711
4658
4375
4266
4651
4662
4268
4697
4663
4389
4271
4547
4276
4571
4274
4673
4317
4276
4277
4575
4594
4332
4590
4521
4282
4283
4759
4676
4285
4324
4606
4307
4332
4521
4660
4289
4665
4674
4616
4292
4883
4850
4381
4392
4296
4509
4848
4299
4642
4542
4383
4541
4323
4403
4303
4558
4692
4335
4677
4306
4315
4659
4309
4693
4635
4325
4560
4563
4326
4337
4314
4315
4690
4768
4317
4318
4979
4522
4534
4321
4600
4593
4323
4324
4702
4923
4384
4406
4561
4329
4595
4624
4331
4715
4630
4334
4704
4632
4336
4695
4588
4716
4546
4714
4596
4687
4415
4515
4597
4669
4344
4583
4344
4346
4953
4346
4348
4720
4348
4350
4931
4350
4352
4721
4352
4354
4882
4354
4356
4722
4356
4358
4937
4358
4360
4938
4360
4362
4723
4362
4364
4724
4364
4366
4726
4366
4368
4728
4368
4370
4730
4370
4372
4732
4372
4712
4734
4601
4602
4539
4619
4591
4694
4527
4713
4612
4613
4550
4581
4613
4622
4410
4614
4578
4617
4386
4609
4651
4700
4507
4386
4680
4745
4618
4621
4634
4686
4622
4849
4399
4407
4408
4513
4626
4592
4670
4565
4861
4586
4666
4397
4637
4661
4399
4685
4749
4597
4623
4589
4648
4403
4648
4655
4596
4621
4652
4607
4717
4653
4507
4410
4525
4764
4543
4656
4530
4631
4556
4649
4415
4417
4854
4417
4419
4775
4419
4421
4776
4421
4423
4778
4423
4425
4780
4425
4427
4782
4427
4429
4784
4429
4431
4786
4431
4433
4788
4433
4435
4790
4435
4437
4792
4437
4439
4973
4439
4441
4794
4441
4443
4795
4443
4445
4884
4445
4447
4796
4447
4449
4907
4449
4451
4936
4451
4453
4797
4453
4455
4798
4455
4457
4800
4457
4459
4982
4459
4461
4801
4461
4463
4802
4463
4465
4804
4465
4467
4806
4467
4469
4808
4469
4471
4810
4471
4473
4812
4473
4475
4814
4475
4477
4816
4477
4479
4818
4479
4481
4820
4481
4483
4822
4483
4485
4824
4485
4487
4826
4487
4489
4828
4489
4491
4830
4491
4493
4832
4493
4495
4834
4495
4497
4836
4497
4499
4838
4499
4501
4840
4501
4503
4842
4503
4505
4844
4505
4698
4984
4520
4665
4509
4599
4744
4668
4706
4551
4667
4513
4656
4846
4515
4516
4757
4603
4593
4575
4594
4520
4678
4754
4523
4523
4979
4552
4525
4567
4736
4527
4577
4877
4609
4623
4530
4681
4874
4532
4659
4681
4570
4605
4668
4671
4594
4595
4537
4664
4867
4539
4707
4886
4547
4686
4644
4687
4543
4666
4756
4584
4689
4546
4562
4755
4568
4554
4643
4550
4551
5025
4975
4601
4554
4574
4896
4556
4605
4899
4558
4640
4900
4646
4710
4561
4562
4667
4919
4612
4671
4565
4572
5030
4567
4634
4885
4575
4570
4631
4908
4572
4705
4910
4574
4713
4911
4577
4626
4891
4625
4595
4602
4581
4619
5017
4583
4584
4949
5035
4586
4614
4751
4588
4589
4895
5038
4591
4643
4962
4608
4627
5187
4758
4599
4898
5046
4628
4718
4935
4624
4712
4630
4637
4737
4607
4925
4943
4657
4738
4739
4611
4748
4947
4905
4906
4862
4616
4888
4657
4670
4741
4625
4851
4743
4696
4922
4932
4904
4916
4673
4860
4742
4628
4629
4870
4698
4986
4866
4633
4968
4760
4857
4636
5022
4889
4875
4675
4747
4640
4948
4954
4691
5164
4669
4699
4753
4893
4646
4868
4966
4898
4917
4650
4765
4705
4771
4680
4684
4706
4750
4660
4688
4701
4918
4976
4865
4683
4740
4767
4703
4876
4686
4771
4664
5024
5007
5015
4879
4920
4903
4881
4752
4914
4691
4869
4935
4675
5043
5152
4677
4761
4708
4850
4937
4694
4707
4873
4762
4683
4684
5011
5009
4766
4773
4770
5164
4690
4974
4977
5183
4693
4901
5021
4913
4709
4894
4697
4971
5023
4872
4700
4934
4930
4702
4999
4924
4704
5042
4967
4774
4915
4926
4709
4990
4997
4711
5001
4946
4757
4719
4715
4993
4987
4717
4718
4928
4763
4878
5032
4933
4972
4849
4904
4850
4883
4725
4963
4725
4727
5074
4727
4729
5049
4729
4731
5050
4731
4733
5051
4733
4735
5053
4735
4855
5055
4930
4939
4909
4969
4752
4940
4746
5020
4946
5018
4795
4884
4847
4994
4887
5016
4852
5150
4746
4952
5156
4748
4945
5065
4750
4978
4956
4863
4959
4859
4897
4961
4963
5044
4921
4992
4880
4991
4853
4965
5028
4760
4761
5075
4989
4769
4874
4871
4929
4939
4985
4772
4856
4856
4978
4768
4769
4977
5081
5006
5045
4857
4773
4774
4848
4858
4777
5014
4777
4779
5216
4779
4781
5084
4781
4783
5085
4783
4785
5087
4785
4787
5089
4787
4789
5091
4789
4791
5093
4791
4793
5095
4793
4980
5097
4859
4942
4859
4851
4860
4799
5151
4799
4981
5033
4981
5102
4803
5002
4803
4805
5047
4805
4807
5185
4807
4809
5103
4809
4811
5104
4811
4813
5106
4813
4815
5108
4815
4817
5110
4817
4819
5112
4819
4821
5114
4821
4823
5116
4823
4825
5118
4825
4827
5120
4827
4829
5122
4829
4831
5124
4831
4833
5126
4833
4835
5128
4835
4837
5130
4837
4839
5132
4839
4841
5134
4841
4843
5136
4843
4845
5138
4845
5003
5140
4847
4983
5142
4852
4882
4907
4858
4854
4855
5014
5056
4899
4885
4910
4884
4864
5183
4863
4985
5153
4869
5030
4890
4941
4950
4995
4868
4996
5082
4898
4871
4872
5235
5212
4952
5034
4995
4876
4988
5008
4878
4892
5242
4880
4959
5157
4965
5010
4883
4930
4887
4927
5213
4889
4890
5288
5220
4892
4994
5069
4922
5006
4895
5005
5039
4897
4912
5162
4969
4901
4955
5165
5164
5183
4960
5029
4931
5031
5168
4933
5168
4932
4909
4950
5170
5150
4912
5032
5171
5000
5013
5029
5031
4957
4960
5020
5028
4918
5040
4951
4920
4921
4975
5276
4964
4924
4925
5234
5277
4927
5013
5068
4929
4944
5273
4933
4936
4939
5010
4979
5151
4938
4963
4941
4942
5048
4973
4944
5279
5224
5059
5169
5060
4948
5066
5193
4958
5036
5061
4998
5196
5062
4958
4972
4955
5194
5287
4957
5147
5192
5257
5064
5167
4962
5100
5000
4970
5145
5072
5001
5083
4968
5253
5203
5078
4971
5174
5204
5426
4980
5037
5080
5027
4983
4991
5079
5078
5048
5045
5002
5102
5226
5003
5212
5143
4987
4988
5232
5229
4990
5076
5272
5073
4993
5269
5231
5180
5191
5007
5144
5004
5236
4999
5238
5233
5063
5070
5149
5067
5005
5225
5222
5146
5271
5041
5230
5012
5034
5143
5012
5019
5159
5154
5173
5043
5044
5017
5160
5026
5019
5189
5249
5166
5022
5270
5251
5024
5206
5274
5026
5027
5219
5276
5077
5247
5046
5208
5175
5045
5187
5177
5036
5037
5240
5248
5039
5040
5221
5195
5042
5266
5252
5161
5074
5150
5145
5174
5098
5058
5182
5052
5058
5052
5054
5059
5054
5057
5283
5056
5057
5173
5217
5169
5200
5071
5188
5170
5190
5179
5198
5101
5184
5199
5237
5066
5200
5364
5201
5268
5155
5239
5181
5241
5071
5210
5384
5148
5207
5158
5260
5182
5076
5203
5293
5202
5207
5147
5080
5081
5275
5211
5083
5214
5209
5086
5218
5086
5088
5403
5088
5090
5300
5090
5092
5408
5092
5094
5301
5094
5096
5302
5096
5099
5292
5098
5099
5220
5299
5101
5163
5282
5146
5105
5186
5105
5107
5307
5107
5109
5313
5109
5111
5314
5111
5113
5316
5113
5115
5318
5115
5117
5320
5117
5119
5322
5119
5121
5324
5121
5123
5326
5123
5125
5328
5125
5127
5330
5127
5129
5332
5129
5131
5334
5131
5133
5336
5133
5135
5338
5135
5137
5340
5137
5139
5342
5139
5141
5344
5141
5201
5346
5197
5259
5148
5214
5244
5149
5149
5170
5153
5187
5161
5169
5199
5155
5184
5356
5198
5243
5158
5237
5289
5178
5250
5228
5245
5182
5163
5172
5367
5270
5297
5202
5243
5254
5258
5426
5172
5176
5373
5215
5185
5176
5264
5377
5178
5179
5391
5436
5181
5197
5414
5398
5186
5205
5189
5399
5440
5191
5192
5211
5254
5194
5366
5386
5196
5223
5255
5308
5349
5290
5285
5310
5312
5375
5205
5206
5307
5382
5290
5240
5257
5210
5296
5417
5291
5235
5239
5245
5295
5216
5217
5218
5284
5286
5228
5298
5299
5222
5223
5305
5406
5227
5396
5263
5304
5259
5260
5273
5309
5311
5230
5353
5261
5232
5371
5353
5234
5351
5278
5268
5262
5272
5420
5256
5350
5352
5246
5242
5379
5264
5360
5281
5358
5361
5247
5248
5258
5267
5250
5441
5438
5288
5292
5253
5425
5397
5291
5256
5407
5392
5426
5267
5354
5394
5265
5423
5263
5401
5404
5306
5266
5435
5424
5275
5273
5280
5370
5372
5274
5281
5294
5381
5291
5280
5278
5279
5495
5437
5298
5369
5368
5428
5284
5285
5286
5365
5552
5297
5385
5299
5393
5429
5395
5372
5294
5376
5400
5296
5359
5452
5303
5388
5434
5453
5303
5387
5303
5372
5305
5402
5455
5380
5410
5412
5355
5413
5310
5415
5347
5363
5389
5409
5416
5315
5454
5315
5317
5520
5317
5319
5465
5319
5321
5466
5321
5323
5468
5323
5325
5470
5325
5327
5472
5327
5329
5474
5329
5331
5476
5331
5333
5478
5333
5335
5480
5335
5337
5482
5337
5339
5484
5339
5341
5486
5341
5343
5488
5343
5345
5490
5345
5348
5492
5347
5348
5545
5547
5411
5418
5351
5443
5494
5357
5362
5421
5355
5419
5497
5357
5427
5500
5359
5431
5501
5411
5416
5362
5363
5553
5534
5365
5366
5574
5516
5368
5374
5498
5383
5430
5371
5390
5422
5374
5378
5456
5376
5397
5508
5378
5410
5510
5380
5432
5517
5382
5383
5412
5457
5399
5433
5386
5387
5464
5408
5389
5390
5535
5448
5439
5463
5442
5523
5394
5446
5419
5409
5420
5415
5437
5525
5427
5428
5451
5401
5509
5528
5405
5530
5453
5552
5405
5529
5559
5407
5455
5538
5434
5519
5462
5458
5454
5414
5505
5432
5504
5507
5433
5503
5436
5460
5544
5429
5422
5423
5447
5444
5425
5515
5557
5512
5450
5562
5431
5558
5625
5496
5459
5464
5445
5514
5463
5543
5439
5569
5566
5441
5524
5568
5443
5576
5570
5445
5449
5522
5546
5579
5448
5449
5537
5677
5499
5550
5524
5526
5502
5503
5532
5457
5564
5511
5539
5520
5461
5541
5526
5542
5461
5540
5586
5518
5531
5521
5516
5467
5699
5467
5469
5653
5469
5471
5593
5471
5473
5594
5473
5475
5596
5475
5477
5598
5477
5479
5600
5479
5481
5602
5481
5483
5604
5483
5485
5606
5485
5487
5608
5487
5489
5610
5489
5491
5612
5491
5493
5614
5493
5548
5616
5495
5571
5543
5506
5549
5551
5556
5499
5539
5626
5513
5554
5502
5620
5624
5527
5545
5563
5506
5556
5668
5519
5541
5509
5561
5622
5511
5531
5630
5513
5550
5663
5515
5573
5633
5532
5518
5549
5635
5562
5558
5540
5567
5572
5658
5538
5565
5578
5557
5561
5584
5542
5588
5529
5623
5675
5533
5564
5585
5574
5560
5582
5536
5555
5536
5537
5697
5677
5580
5577
5619
5589
5632
5563
5546
5551
5592
5621
5548
5592
5664
5641
5618
5628
5574
5554
5555
5687
5702
5587
5634
5699
5560
5676
5670
5638
5579
5637
5580
5575
5583
5567
5679
5673
5569
5654
5678
5571
5692
5637
5573
5660
5681
5576
5657
5700
5631
5669
5643
5654
5591
5581
5582
5583
5648
5644
5643
5651
5636
5645
5590
5652
5629
5667
5624
5683
5590
5591
5698
5621
5647
5595
5655
5595
5597
5690
5597
5599
5704
5599
5601
5707
5601
5603
5709
5603
5605
5711
5605
5607
5713
5607
5609
5715
5609
5611
5717
5611
5613
5719
5613
5615
5721
5615
5617
5723
5617
5666
5725
5627
5662
5652
5674
5625
5659
5661
5623
5640
5731
5650
5762
5627
5669
5733
5629
5661
5735
5631
5645
5737
5651
5680
5634
5682
5639
5636
5642
5749
5646
5639
5640
5774
5780
5642
5672
5755
5745
5649
5656
5691
5647
5706
5665
5649
5671
5693
5659
5690
5694
5746
5655
5762
5695
5659
5657
5784
5740
5684
5688
5685
5743
5698
5663
5729
5686
5665
5666
5823
5765
5668
5727
5672
5730
5671
5772
5767
5689
5674
5779
5747
5676
5732
5771
5688
5679
5696
5778
5683
5752
5682
5744
5773
5705
5685
5701
5753
5687
5759
5751
5697
5728
5754
5703
5750
5756
5700
5706
5768
5783
5757
5769
5696
5758
5812
5701
5742
5762
5739
5702
5751
5704
5705
5708
5775
5741
5708
5710
5776
5710
5712
5792
5712
5714
5794
5714
5716
5796
5716
5718
5798
5718
5720
5800
5720
5722
5802
5722
5724
5804
5724
5726
5806
5726
5766
5808
5728
5736
5810
5734
5760
5738
5764
5732
5782
5785
5734
5764
5839
5736
5742
5814
5738
5756
5817
5740
5741
5838
5823
5748
5744
5763
5819
5758
5769
5747
5748
5841
5815
5750
5770
5824
5753
5757
5777
5761
5755
5788
5770
5813
5790
5826
5760
5761
5821
5763
5791
5789
5766
5833
5835
5768
5843
5837
5787
5827
5772
5786
5842
5774
5820
5781
5776
5777
5793
5845
5779
5829
5836
5781
5782
5855
5851
5784
5854
5844
5786
5852
5893
5830
5840
5811
5850
5818
5848
5840
5847
5822
5832
5793
5795
5846
5795
5797
5862
5797
5799
5864
5799
5801
5866
5801
5803
5868
5803
5805
5870
5805
5807
5872
5807
5809
5874
5809
5835
5906
5811
5816
5876
5829
5831
5825
5834
5815
5816
5895
5922
5818
5834
5859
5820
5832
5856
5822
5849
5886
5833
5825
5828
5888
5830
5831
5828
5850
5887
5885
5877
5878
5890
5838
5879
5882
5841
5861
5853
5903
5844
5848
5849
5883
5895
5843
5894
5911
5882
5846
5847
5863
5912
5858
5881
5905
5852
5857
5915
5854
5901
5884
5856
5857
5892
5923
5860
5881
5860
5880
5920
5885
5898
5863
5865
5913
5865
5867
5925
5867
5869
5927
5869
5871
5929
5871
5873
5931
5873
5875
5933
5875
5919
5957
5904
5991
5907
5908
5899
5908
5880
5889
5945
5896
5884
5907
5914
5938
5900
5891
5897
5909
5910
5889
5909
5936
5891
5892
5959
5951
5894
5916
5942
5902
5897
5921
5971
5902
5950
5900
5953
5950
5918
5939
5922
5911
5917
5905
5954
5910
5919
5938
5935
5937
5948
5944
5943
5913
5914
5926
5963
5916
5924
5967
5918
5962
5969
5941
5921
5947
5988
5991
5924
5951
5974
5926
5928
5964
5928
5930
5979
5930
5932
5981
5932
5934
5983
5934
5960
5985
5956
5965
5946
5949
5952
5956
5939
5940
5941
5970
5957
5943
5968
5961
5955
5966
5946
5947
6008
6004
5949
5955
5972
5958
5987
5953
6001
5994
5966
5973
5977
5996
5960
5973
5993
5971
5987
5992
5962
6012
6002
5964
5965
5980
6006
5995
5968
5975
6011
5970
6003
6007
5976
5978
6009
5991
5975
5990
6014
5989
5998
5978
5999
6017
5980
5982
6018
5982
5984
6019
5984
5986
6021
5986
5992
6023
5990
5989
6005
6025
5998
6007
5994
5995
6016
5999
5997
6000
6006
6026
6013
6015
6001
6028
6031
6003
6038
6032
6005
6010
6033
6018
6029
6009
6010
6034
6048
6012
6035
6037
6014
6025
6035
6016
6017
6031
6030
6020
6020
6022
6027
6022
6024
6041
6024
6029
6043
6036
6027
6028
6042
6050
6032
6034
6039
6039
6040
6036
6046
6047
6052
6053
6038
6052
6056
6049
6044
6056
6042
6045
6060
6044
6045
6059
6062
6048
6054
6048
6051
6050
6051
6060
6058
6053
6055
6055
6058
6057
6057
6059
6061
6061
6062
6062
)


// ************************************************************************* //
