/*--------------------------------*- C++ -*----------------------------------*\
  =========                 |
  \\      /  F ield         | OpenFOAM: The Open Source CFD Toolbox
   \\    /   O peration     | Website:  https://openfoam.org
    \\  /    A nd           | Version:  6
     \\/     M anipulation  |
\*---------------------------------------------------------------------------*/
FoamFile
{
    version     2.0;
    format      ascii;
    class       labelList;
    note        "nPoints: 3962 nCells: 3800 nFaces: 13380 nInternalFaces: 5620";
    location    "constant/polyMesh";
    object      neighbour;
}
// * * * * * * * * * * * * * * * * * * * * * * * * * * * * * * * * * * * * * //


5620
(
240
3
310
3
5
507
5
7
312
7
9
313
9
11
315
11
13
317
13
15
319
15
17
321
17
19
323
19
21
325
21
23
327
23
25
329
25
27
331
27
29
333
29
31
335
31
33
337
33
35
339
35
37
341
37
39
343
39
41
345
41
43
347
43
45
349
45
47
351
47
49
353
49
51
355
51
53
357
53
55
359
55
57
361
57
59
363
59
61
365
61
63
367
63
65
369
65
67
371
67
69
373
69
71
375
71
73
377
73
75
379
75
78
381
77
78
120
383
238
240
307
308
216
241
237
242
239
243
244
276
245
277
246
278
247
279
248
280
249
281
250
282
251
283
252
284
253
285
254
286
255
287
256
288
257
289
196
196
275
258
309
259
290
260
291
261
292
262
293
263
294
264
295
265
296
266
297
267
298
268
299
269
300
270
301
271
302
272
303
273
304
274
305
218
306
194
120
122
384
122
124
437
124
126
439
126
128
441
128
130
443
130
132
445
132
134
447
134
136
449
136
138
451
138
140
453
140
142
455
142
144
457
144
146
459
146
148
461
148
150
463
150
152
465
152
154
467
154
156
469
156
158
471
158
160
473
160
162
475
162
164
477
164
166
479
166
168
481
168
170
483
170
172
485
172
174
487
174
176
489
176
178
491
178
180
493
180
182
495
182
184
497
184
186
499
186
188
501
188
190
503
190
192
505
192
195
553
194
195
197
410
408
218
238
307
216
308
237
241
239
242
243
276
244
277
245
278
246
279
247
280
248
281
249
282
250
283
251
284
252
285
253
286
254
287
255
288
256
289
406
257
408
409
275
309
258
290
259
291
260
292
261
293
262
294
263
295
264
296
265
297
266
298
267
299
268
300
269
301
270
302
271
303
272
304
273
305
274
306
433
389
435
310
311
388
390
391
392
393
394
395
396
397
398
399
400
401
402
403
404
514
533
532
536
537
538
539
540
541
542
543
544
545
546
547
548
549
515
411
516
517
518
519
520
521
522
523
524
525
526
527
528
405
414
415
416
417
418
419
420
421
422
423
424
425
426
427
428
429
431
387
386
413
407
509
314
510
314
316
817
316
318
608
318
320
609
320
322
611
322
324
613
324
326
615
326
328
617
328
330
619
330
332
621
332
334
623
334
336
625
336
338
627
338
340
629
340
342
631
342
344
633
344
346
635
346
348
637
348
350
639
350
352
641
352
354
643
354
356
645
356
358
647
358
360
649
360
362
651
362
364
653
364
366
655
366
368
657
368
370
659
370
372
661
372
374
663
374
376
665
376
378
667
378
380
669
380
382
671
382
385
673
384
385
438
675
511
551
432
512
434
513
413
555
436
554
412
530
550
596
595
600
594
599
593
598
592
597
591
601
556
590
552
589
571
588
570
587
569
586
568
585
508
567
529
535
407
512
846
508
410
430
695
412
554
704
507
531
603
534
584
605
606
583
604
582
602
566
581
565
580
564
579
563
578
562
577
561
576
560
575
559
574
558
573
557
572
430
549
801
432
555
729
434
509
731
436
513
862
438
440
676
440
442
733
442
444
735
444
446
737
446
448
739
448
450
741
450
452
743
452
454
745
454
456
747
456
458
749
458
460
751
460
462
753
462
464
755
464
466
757
466
468
759
468
470
761
470
472
763
472
474
765
474
476
767
476
478
769
478
480
771
480
482
773
482
484
775
484
486
777
486
488
779
488
490
781
490
492
783
492
494
785
494
496
787
496
498
789
498
500
791
500
502
793
502
504
795
504
506
797
506
681
863
510
515
802
807
515
812
607
703
529
551
530
550
596
600
595
599
594
598
593
597
592
601
556
591
552
590
571
589
570
588
569
587
568
586
567
585
822
678
532
804
534
535
603
707
706
584
605
604
606
583
602
566
582
565
581
564
580
563
579
562
578
561
577
560
576
559
575
558
574
557
573
572
727
682
679
681
695
799
806
809
694
724
723
722
721
720
719
718
717
716
850
702
701
700
699
698
725
860
859
858
857
856
855
854
849
851
714
712
841
837
836
831
834
696
824
691
688
687
686
685
683
814
819
827
684
690
840
680
710
708
730
845
610
843
610
612
1000
612
614
895
614
616
896
616
618
898
618
620
900
620
622
902
622
624
904
624
626
906
626
628
908
628
630
910
630
632
912
632
634
914
634
636
916
636
638
918
638
640
920
640
642
922
642
644
924
644
646
926
646
648
928
648
650
930
650
652
932
652
654
934
654
656
936
656
658
938
658
660
940
660
662
942
662
664
944
664
666
946
666
668
948
668
670
950
670
672
952
672
674
954
674
677
956
676
677
734
958
705
825
697
838
709
816
820
821
832
689
692
693
823
728
877
818
878
813
828
689
829
892
715
864
692
693
1153
1157
726
815
811
697
810
1126
815
833
830
881
835
875
874
882
847
880
732
866
705
800
1105
839
876
805
844
709
711
1101
711
713
1003
713
844
1004
715
816
1006
848
888
852
873
872
890
871
889
870
887
869
886
868
885
867
884
861
879
726
861
1094
728
825
1018
730
808
1020
732
803
1021
734
736
959
736
738
1026
738
740
1028
740
742
1030
742
744
1032
744
746
1034
746
748
1036
748
750
1038
750
752
1040
752
754
1042
754
756
1044
756
758
1046
758
760
1048
760
762
1050
762
764
1052
764
766
1054
766
768
1056
768
770
1058
770
772
1060
772
774
1062
774
776
1064
776
778
1066
778
780
1068
780
782
1070
782
784
1072
784
786
1074
786
788
1076
788
790
1078
790
792
1080
792
794
1082
794
796
1084
796
798
1086
798
1130
1088
800
891
1090
811
833
803
865
1092
805
883
1099
807
808
842
998
810
826
962
978
832
850
814
893
829
981
995
842
843
819
967
828
863
978
822
969
876
824
994
826
983
1023
877
878
975
963
831
1111
835
986
1091
838
881
985
875
882
874
880
992
840
961
883
847
853
997
966
1002
846
1103
865
1096
849
1109
852
853
864
888
1008
987
873
890
872
889
871
887
870
886
869
885
868
884
867
879
1121
866
891
1130
968
982
999
1107
1015
1150
1146
1143
1010
1140
1133
989
979
894
970
974
1017
991
984
1128
996
1014
1013
1012
1147
973
1009
1135
965
1152
964
977
971
1019
897
1137
897
899
1254
899
901
1168
901
903
1169
903
905
1171
905
907
1173
907
909
1175
909
911
1177
911
913
1179
913
915
1181
915
917
1183
917
919
1185
919
921
1187
921
923
1189
923
925
1191
925
927
1193
927
929
1195
929
931
1197
931
933
1199
933
935
1201
935
937
1203
937
939
1205
939
941
1207
941
943
1209
943
945
1211
945
947
1213
947
949
1215
949
951
1217
951
953
1219
953
955
1221
955
957
1223
957
960
1225
959
960
1027
1475
980
1154
1025
1155
964
965
1364
1477
1001
1131
972
976
1007
1149
988
1132
971
972
1365
1386
1011
1142
1108
1120
976
977
1367
1377
1113
980
1132
1231
1095
1124
1104
1116
1106
1123
990
1136
1112
1118
987
988
1098
1236
990
1118
1382
993
1117
993
1129
1241
1024
1159
1102
1122
1016
1119
998
1131
1020
1022
1134
1001
1137
1616
1100
1138
1005
1115
1005
1138
1347
1007
1122
1253
1110
1139
1141
1144
1011
1144
1343
1145
1165
1148
1156
1151
1167
1016
1151
1339
1097
1164
1019
1123
1403
1114
1022
1093
1275
1024
1025
1408
1397
1027
1029
1384
1029
1031
1277
1031
1033
1278
1033
1035
1280
1035
1037
1282
1037
1039
1284
1039
1041
1286
1041
1043
1288
1043
1045
1290
1045
1047
1292
1047
1049
1294
1049
1051
1296
1051
1053
1298
1053
1055
1300
1055
1057
1302
1057
1059
1304
1059
1061
1306
1061
1063
1308
1063
1065
1310
1065
1067
1312
1067
1069
1314
1069
1071
1316
1071
1073
1318
1073
1075
1320
1075
1077
1322
1077
1079
1324
1079
1081
1326
1081
1083
1328
1083
1085
1330
1085
1087
1332
1087
1089
1334
1089
1162
1336
1125
1163
1113
1124
1093
1116
1274
1095
1160
1337
1097
1098
1361
1236
1100
1161
1268
1102
1115
1341
1104
1114
1349
1106
1125
1350
1108
1119
1352
1110
1166
1354
1112
1117
1356
1127
1391
1245
1358
1402
1244
1237
1121
1233
1160
1272
1251
1270
1401
1129
1155
1162
1238
1154
1161
1242
1162
1525
1257
1136
1164
1135
1247
1163
1260
1239
1256
1140
1252
1141
1392
1143
1249
1165
1266
1146
1345
1148
1149
1166
1264
1262
1156
1167
1267
1153
1404
1158
1234
1240
1227
1158
1159
1495
1405
1371
1229
1232
1228
1246
1230
1366
1170
1390
1170
1172
1649
1172
1174
1418
1174
1176
1419
1176
1178
1421
1178
1180
1423
1180
1182
1425
1182
1184
1427
1184
1186
1429
1186
1188
1431
1188
1190
1433
1190
1192
1435
1192
1194
1437
1194
1196
1439
1196
1198
1441
1198
1200
1443
1200
1202
1445
1202
1204
1447
1204
1206
1449
1206
1208
1451
1208
1210
1453
1210
1212
1455
1212
1214
1457
1214
1216
1459
1216
1218
1461
1218
1220
1463
1220
1222
1465
1222
1224
1467
1224
1226
1469
1226
1475
1471
1265
1412
1261
1370
1235
1389
1263
1369
1259
1360
1248
1414
1353
1376
1235
1360
1482
1258
1340
1372
1271
1336
1255
1479
1380
1398
1243
1407
1243
1380
1588
1357
1381
1348
1399
1250
1368
1248
1276
1511
1250
1344
1493
1351
1416
1355
1400
1273
1362
1255
1390
1497
1269
1363
1258
1259
1361
1492
1261
1413
1621
1263
1362
1646
1265
1346
1510
1373
1394
1374
1393
1269
1389
1636
1271
1338
1517
1273
1342
1519
1359
1395
1276
1395
1490
1279
1396
1279
1281
1489
1281
1283
1528
1283
1285
1529
1285
1287
1531
1287
1289
1533
1289
1291
1535
1291
1293
1537
1293
1295
1539
1295
1297
1541
1297
1299
1543
1299
1301
1545
1301
1303
1547
1303
1305
1549
1305
1307
1551
1307
1309
1553
1309
1311
1555
1311
1313
1557
1313
1315
1559
1315
1317
1561
1317
1319
1563
1319
1321
1565
1321
1323
1567
1323
1325
1569
1325
1327
1571
1327
1329
1573
1329
1331
1575
1331
1333
1577
1333
1335
1579
1335
1385
1581
1385
1338
1371
1586
1340
1374
1590
1342
1399
1595
1344
1373
1597
1346
1368
1601
1348
1363
1603
1375
1383
1351
1406
1584
1353
1372
1607
1355
1369
1610
1357
1415
1612
1359
1375
1614
1500
1370
1507
1503
1379
1476
1387
1411
1393
1412
1378
1388
1481
1522
1491
1376
1485
1633
1639
1508
1605
1378
1379
1643
1627
1506
1382
1515
1413
1391
1487
1396
1475
1518
1387
1388
1630
1725
1480
1513
1525
1394
1400
1509
1417
1504
1472
1398
1410
1652
1486
1592
1406
1414
1407
1415
1411
1416
1521
1594
1409
1496
1599
1526
1409
1410
1659
1840
1488
1523
1474
1478
1484
1498
1593
1648
1420
1654
1420
1422
1740
1422
1424
1665
1424
1426
1666
1426
1428
1668
1428
1430
1670
1430
1432
1672
1432
1434
1674
1434
1436
1676
1436
1438
1678
1438
1440
1680
1440
1442
1682
1442
1444
1684
1444
1446
1686
1446
1448
1688
1448
1450
1690
1450
1452
1692
1452
1454
1694
1454
1456
1696
1456
1458
1698
1458
1460
1700
1460
1462
1702
1462
1464
1704
1464
1466
1706
1466
1468
1708
1468
1470
1710
1470
1473
1712
1472
1473
1489
1845
1516
1623
1477
1617
1594
1512
1622
1487
1616
1483
1660
1494
1620
1483
1502
1723
1527
1624
1591
1608
1604
1619
1626
1499
1629
1631
1505
1632
1492
1621
1501
1494
1598
1726
1496
1521
1635
1514
1731
1499
1585
1892
1501
1502
1730
1867
1647
1656
1505
1615
1733
1618
1653
1520
1655
1650
1721
1524
1638
1602
1634
1512
1632
1715
1514
1662
1743
1516
1613
1746
1518
1587
1582
1520
1596
1749
1640
1625
1661
1524
1634
1750
1616
1527
1589
1754
1530
1631
1530
1532
1753
1532
1534
1758
1534
1536
1760
1536
1538
1762
1538
1540
1764
1540
1542
1766
1542
1544
1768
1544
1546
1770
1546
1548
1772
1548
1550
1774
1550
1552
1776
1552
1554
1778
1554
1556
1780
1556
1558
1782
1558
1560
1784
1560
1562
1786
1562
1564
1788
1564
1566
1790
1566
1568
1792
1568
1570
1794
1570
1572
1796
1572
1574
1798
1574
1576
1800
1576
1578
1802
1578
1580
1804
1580
1583
1806
1582
1583
1809
1886
1585
1600
1748
1587
1606
1808
1589
1618
1810
1591
1651
1812
1593
1611
1817
1637
1596
1619
1819
1598
1657
1822
1600
1622
1828
1602
1620
1830
1604
1647
1832
1606
1609
1834
1608
1609
1890
1891
1611
1625
1717
1613
1624
1835
1615
1650
1838
1628
1645
1663
1734
1716
1623
1860
1729
1752
1719
1721
1731
1628
1644
1852
1630
1847
1738
1845
1756
1648
1657
1724
1642
1658
1656
1660
1641
1645
1639
1732
1651
1641
1642
1856
1871
1644
1735
1857
1722
1655
1661
1875
1744
1654
1662
1742
1825
1653
1841
1879
1664
1815
1728
1718
1659
1862
1861
1813
1714
1849
1877
1880
1741
1874
1667
1864
1667
1669
2069
1669
1671
1898
1671
1673
1899
1673
1675
1901
1675
1677
1903
1677
1679
1905
1679
1681
1907
1681
1683
1909
1683
1685
1911
1685
1687
1913
1687
1689
1915
1689
1691
1917
1691
1693
1919
1693
1695
1921
1695
1697
1923
1697
1699
1925
1699
1701
1927
1701
1703
1929
1703
1705
1931
1705
1707
1933
1707
1709
1935
1709
1711
1937
1711
1713
1939
1713
1850
1941
1816
1844
1757
1859
1727
1865
1720
1843
1745
1823
1720
1844
1973
1736
1853
1855
1854
1869
1831
1876
1735
1738
1727
1824
1963
1814
1878
1730
1747
1868
1737
1751
1826
1839
1866
1820
1833
1739
1737
1742
1743
1881
1863
1883
1741
1864
1948
1842
1851
1745
1818
1975
1747
1837
1976
1829
1893
1821
1848
1751
1876
1968
1755
1836
1759
1846
1755
1811
1897
1757
1866
1982
1759
1761
1984
1761
1763
1988
1763
1765
1990
1765
1767
1992
1767
1769
1994
1769
1771
1996
1771
1773
1998
1773
1775
2000
1775
1777
2002
1777
1779
2004
1779
1781
2006
1781
1783
2008
1783
1785
2010
1785
1787
2012
1787
1789
2014
1789
1791
2016
1791
1793
2018
1793
1795
2020
1795
1797
2022
1797
1799
2024
1799
1801
2026
1801
1803
2028
1803
1805
2030
1805
1807
2032
1807
1888
2034
1809
1884
1887
1811
1877
2035
1827
1889
1814
1854
1896
1816
1848
2037
1818
1843
2040
1820
1821
2064
2098
1823
1824
2084
2061
1826
1827
2080
2092
1829
1885
1957
1831
1865
2042
1833
1894
2103
1870
1884
1836
1837
2078
2100
1839
1842
2088
1841
1861
2049
1945
1949
1980
1850
1850
1942
1882
1895
1946
1851
1874
1944
1853
1858
2060
1965
1856
2090
1872
1858
1863
2066
1860
1967
1885
1955
1873
1954
1956
1971
1962
2047
1868
1869
1977
2055
1891
1947
1872
1873
2169
2073
1959
1878
1894
1969
1979
1986
1880
2050
2081
1882
1883
2057
2085
1950
2044
1887
1888
1952
2095
1890
2058
1958
1958
1893
1895
2051
1978
1953
1966
2054
2036
2077
1900
2068
1900
1902
2229
1902
1904
2108
1904
1906
2109
1906
1908
2111
1908
1910
2113
1910
1912
2115
1912
1914
2117
1914
1916
2119
1916
1918
2121
1918
1920
2123
1920
1922
2125
1922
1924
2127
1924
1926
2129
1926
1928
2131
1928
1930
2133
1930
1932
2135
1932
1934
2137
1934
1936
2139
1936
1938
2141
1938
1940
2143
1940
1943
2145
1942
1943
1985
2147
1945
1961
2091
2038
2099
1951
2059
1960
1972
1974
2087
1951
1952
2254
2096
2053
2056
1955
2070
2063
2071
2086
2046
2052
2072
1960
1961
2265
2248
1964
2065
1964
2062
2167
1966
2055
2172
1983
2045
1970
2079
1970
2043
2176
1972
2076
2175
1974
1981
2177
2041
2083
1977
2102
2156
1987
2105
2075
2082
1981
2039
2166
1983
2048
2270
1985
1989
2148
1987
2054
2183
1989
1991
2185
1991
1993
2187
1993
1995
2189
1995
1997
2191
1997
1999
2193
1999
2001
2195
2001
2003
2197
2003
2005
2199
2005
2007
2201
2007
2009
2203
2009
2011
2205
2011
2013
2207
2013
2015
2209
2015
2017
2211
2017
2019
2213
2019
2021
2215
2021
2023
2217
2023
2025
2219
2025
2027
2221
2027
2029
2223
2029
2031
2225
2031
2033
2227
2033
2034
2282
2097
2036
2075
2283
2038
2039
2240
2284
2041
2087
2151
2043
2065
2232
2045
2046
2355
2287
2048
2106
2174
2050
2063
2234
2052
2053
2261
2291
2162
2156
2057
2262
2241
2094
2150
2072
2107
2067
2089
2062
2251
2294
2158
2104
2153
2154
2067
2071
2155
2069
2152
2076
2074
2157
2160
2150
2074
2171
2263
2165
2181
2078
2258
2101
2080
2267
2093
2082
2235
2273
2084
2245
2251
2086
2241
2275
2163
2091
2106
2090
2243
2170
2231
2093
2094
2367
2279
2096
2097
2256
2271
2099
2153
2246
2101
2102
2344
2238
2104
2105
2289
2159
2179
2255
2260
2110
2268
2110
2112
2425
2112
2114
2304
2114
2116
2305
2116
2118
2307
2118
2120
2309
2120
2122
2311
2122
2124
2313
2124
2126
2315
2126
2128
2317
2128
2130
2319
2130
2132
2321
2132
2134
2323
2134
2136
2325
2136
2138
2327
2138
2140
2329
2140
2142
2331
2142
2144
2333
2144
2146
2335
2146
2149
2337
2148
2149
2186
2339
2236
2164
2244
2230
2253
2249
2168
2252
2161
2242
2237
2158
2278
2257
2184
2290
2161
2276
2417
2173
2259
2164
2178
2366
2274
2296
2272
2286
2168
2295
2364
2170
2171
2428
2448
2173
2239
2359
2180
2269
2182
2264
2233
2266
2178
2272
2449
2180
2231
2430
2182
2253
2435
2184
2259
2464
2186
2188
2340
2188
2190
2370
2190
2192
2372
2192
2194
2374
2194
2196
2376
2196
2198
2378
2198
2200
2380
2200
2202
2382
2202
2204
2384
2204
2206
2386
2206
2208
2388
2208
2210
2390
2210
2212
2392
2212
2214
2394
2214
2216
2396
2216
2218
2398
2218
2220
2400
2220
2222
2402
2222
2224
2404
2224
2226
2406
2226
2228
2408
2228
2297
2410
2230
2268
2413
2248
2233
2252
2468
2235
2257
2415
2260
2280
2238
2239
2346
2593
2247
2285
2300
2243
2475
2427
2245
2466
2362
2247
2250
2431
2342
2250
2299
2432
2361
2357
2348
2255
2256
2350
2271
2450
2298
2345
2347
2354
2288
2292
2293
2301
2277
2443
2265
2444
2342
2267
2489
2368
2420
2270
2358
2353
2281
2343
2274
2416
2456
2276
2302
2458
2278
2437
2461
2280
2369
2462
2282
2350
2297
2296
2298
2285
2286
2470
2453
2288
2423
2476
2290
2299
2418
2292
2293
2436
2479
2295
2363
2440
2351
2349
2303
2356
2301
2302
2447
2594
2352
2438
2306
2424
2306
2308
2591
2308
2310
2491
2310
2312
2492
2312
2314
2494
2314
2316
2496
2316
2318
2498
2318
2320
2500
2320
2322
2502
2322
2324
2504
2324
2326
2506
2326
2328
2508
2328
2330
2510
2330
2332
2512
2332
2334
2514
2334
2336
2516
2336
2338
2518
2338
2341
2520
2340
2341
2371
2522
2429
2451
2454
2345
2346
2439
2593
2360
2487
2414
2434
2411
2426
2422
2352
2457
2535
2355
2472
2422
2463
2423
2419
2452
2365
2467
2460
2482
2360
2543
2604
2362
2363
2639
2643
2365
2441
2526
2455
2465
2368
2369
2629
2646
2371
2373
2523
2373
2375
2548
2375
2377
2550
2377
2379
2552
2379
2381
2554
2381
2383
2556
2383
2385
2558
2385
2387
2560
2387
2389
2562
2389
2391
2564
2391
2393
2566
2393
2395
2568
2395
2397
2570
2397
2399
2572
2399
2401
2574
2401
2403
2576
2403
2405
2578
2405
2407
2580
2407
2409
2582
2409
2412
2584
2411
2412
2627
2607
2414
2421
2525
2416
2486
2588
2459
2474
2419
2478
2586
2421
2442
2597
2426
2469
2425
2537
2442
2542
2428
2652
2539
2430
2446
2460
2433
2483
2433
2452
2490
2435
2640
2445
2477
2480
2485
2533
2439
2603
2600
2441
2644
2615
2536
2448
2484
2445
2446
2622
2546
2481
2595
2539
2451
2455
2461
2486
2540
2528
2454
2471
2630
2530
2457
2590
2632
2459
2596
2634
2545
2534
2463
2625
2641
2478
2487
2466
2610
2638
2468
2606
2488
2473
2544
2471
2483
2635
2473
2482
2650
2475
2663
2651
2477
2544
2653
2645
2480
2481
2647
2656
2527
2608
2485
2619
2601
2532
2531
2489
2614
2628
2529
2648
2493
2624
2493
2495
2780
2495
2497
2666
2497
2499
2667
2499
2501
2669
2501
2503
2671
2503
2505
2673
2505
2507
2675
2507
2509
2677
2509
2511
2679
2511
2513
2681
2513
2515
2683
2515
2517
2685
2517
2519
2687
2519
2521
2689
2521
2524
2691
2523
2524
2549
2693
2599
2661
2605
2616
2547
2660
2529
2587
2698
2541
2609
2611
2659
2589
2612
2534
2621
2612
2617
2633
2538
2598
2538
2592
2709
2618
2541
2631
2701
2626
2641
2593
2600
2642
2546
2547
2623
2851
2549
2551
2694
2551
2553
2710
2553
2555
2712
2555
2557
2714
2557
2559
2716
2559
2561
2718
2561
2563
2720
2563
2565
2722
2565
2567
2724
2567
2569
2726
2569
2571
2728
2571
2573
2730
2573
2575
2732
2575
2577
2734
2577
2579
2736
2579
2581
2738
2581
2583
2740
2583
2585
2742
2585
2607
2744
2587
2665
2747
2589
2590
2769
2808
2592
2624
2752
2595
2596
2649
2702
2598
2599
2804
2768
2602
2620
2777
2603
2604
2617
2611
2606
2754
2613
2706
2636
2648
2610
2783
2763
2696
2779
2614
2814
2770
2616
2797
2772
2696
2619
2760
2776
2621
2803
2778
2623
2640
2851
2705
2646
2700
2627
2762
2706
2629
2771
2704
2631
2637
2788
2633
2810
2791
2662
2703
2636
2637
2819
2848
2639
2764
2767
2661
2699
2654
2664
2644
2767
2796
2659
2665
2704
2655
2657
2775
2658
2707
2660
2664
2652
2759
2760
2654
2655
2816
2811
2657
2658
2785
2798
2749
2697
2708
2663
2786
2758
2766
2750
2668
2790
2668
2670
2860
2670
2672
2822
2672
2674
2823
2674
2676
2825
2676
2678
2827
2678
2680
2829
2680
2682
2831
2682
2684
2833
2684
2686
2835
2686
2688
2837
2688
2690
2839
2690
2692
2841
2692
2695
2843
2694
2695
2711
2987
2755
2765
2802
2748
2774
2700
2761
2757
2782
2789
2703
2707
2793
2756
2787
2801
2745
2781
2784
2865
2753
2805
2711
2713
2930
2713
2715
2867
2715
2717
2868
2717
2719
2870
2719
2721
2872
2721
2723
2874
2723
2725
2876
2725
2727
2878
2727
2729
2880
2729
2731
2882
2731
2733
2884
2733
2735
2886
2735
2737
2888
2737
2739
2890
2739
2741
2892
2741
2743
2894
2743
2746
2896
2745
2746
2905
2944
2748
2751
2864
2755
2807
2751
2807
2898
2753
2801
2925
2773
2813
2792
2757
2907
2908
2759
2854
2903
2902
2762
2909
2905
2764
2957
2911
2766
2866
2815
2900
2784
2806
2809
2817
2771
2955
2907
2773
2959
2915
2775
2938
2818
2777
2904
2820
2779
2856
2817
2787
2790
2794
2800
2783
2927
2956
2845
2799
2812
2795
2853
2857
2789
2849
2928
2847
2792
2948
2863
2794
2795
2953
2931
2797
2901
2958
2799
2800
2989
2934
2852
2846
2865
2821
2855
2805
2806
2940
2935
2863
2809
2810
2921
2946
2812
2906
2912
2814
2913
2954
2816
2933
2906
2850
2819
2922
2914
2821
2951
2918
2824
2861
2824
2826
3053
2826
2828
2965
2828
2830
2966
2830
2832
2968
2832
2834
2970
2834
2836
2972
2836
2838
2974
2838
2840
2976
2840
2842
2978
2842
2844
2980
2844
2987
2982
2846
2936
2866
2858
2862
2849
2914
3038
2920
2923
2865
2859
2924
2854
2926
3004
2856
2917
2923
2858
2859
3087
3066
2861
2862
3078
3055
2910
2899
2937
2943
2869
2939
2869
2871
2994
2871
2873
3007
2873
2875
3008
2875
2877
3010
2877
2879
3012
2879
2881
3014
2881
2883
3016
2883
2885
3018
2885
2887
3020
2887
2889
3022
2889
2891
3024
2891
2893
3026
2893
2895
3028
2895
2897
3030
2897
2945
3032
2899
2910
3034
2901
2911
3036
2903
2904
2997
2950
3003
2962
3041
2909
3043
3048
3001
3076
2964
2988
2916
2985
2993
2916
3091
3056
2919
2990
2919
3083
3051
2921
3060
2947
2949
2992
2991
2925
2996
2941
2932
2995
2929
2960
2929
3040
3044
2939
2987
2932
3070
3047
2943
2963
2952
3000
2936
2942
3074
2938
3005
2949
2983
2941
2942
3065
3128
3073
2945
3003
3080
2947
2948
3133
3052
3002
2951
2998
3082
2953
3100
3070
2955
2986
3042
2957
2961
3086
2959
3037
3090
2961
3085
3171
2963
2964
3057
3045
2967
3071
2967
2969
3101
2969
2971
3103
2971
2973
3105
2973
2975
3107
2975
2977
3109
2977
2979
3111
2979
2981
3113
2981
2984
3115
2983
2984
2994
3178
2986
3097
3131
2989
2999
3000
2991
3062
3059
2993
3093
3039
3054
3064
3095
3063
3067
2998
3004
3117
3046
3068
3069
3052
3072
3006
3092
3050
3064
3006
3035
3127
3009
3054
3009
3011
3126
3011
3013
3136
3013
3015
3138
3015
3017
3140
3017
3019
3142
3019
3021
3144
3021
3023
3146
3023
3025
3148
3025
3027
3150
3027
3029
3152
3029
3031
3154
3031
3033
3156
3033
3081
3158
3035
3072
3160
3037
3077
3162
3039
3040
3213
3202
3042
3043
3132
3049
3084
3186
3046
3058
3208
3094
3123
3049
3050
3222
3196
3061
3195
3135
3071
3098
3178
3079
3088
3096
3185
3058
3075
3179
3060
3221
3134
3062
3183
3246
3065
3102
3119
3129
3067
3089
3190
3069
3120
3099
3121
3167
3164
3074
3075
3130
3254
3077
3086
3125
3079
3098
3182
3081
3196
3197
3083
3118
3199
3085
3187
3203
3170
3088
3089
3206
3283
3091
3163
3184
3093
3194
3212
3095
3211
3214
3097
3177
3173
3124
3100
3189
3122
3104
3168
3175
3191
3104
3106
3293
3106
3108
3226
3108
3110
3227
3110
3112
3229
3112
3114
3231
3114
3116
3233
3116
3216
3235
3118
3119
3238
3215
3188
3209
3122
3123
3247
3180
3169
3181
3172
3192
3137
3207
3161
3193
3129
3130
3176
3312
3132
3174
3222
3134
3135
3249
3165
3137
3139
3244
3139
3141
3258
3141
3143
3260
3143
3145
3262
3145
3147
3264
3147
3149
3266
3149
3151
3268
3151
3153
3270
3153
3155
3272
3155
3157
3274
3157
3159
3276
3159
3198
3278
3161
3166
3280
3163
3192
3281
3165
3166
3251
3323
3168
3169
3290
3318
3171
3172
3204
3252
3174
3224
3294
3176
3343
3337
3201
3223
3216
3240
3243
3210
3248
3182
3241
3205
3220
3242
3185
3282
3200
3202
3217
3218
3256
3189
3307
3317
3191
3285
3308
3225
3194
3322
3311
3199
3219
3315
3198
3329
3302
3239
3201
3314
3320
3255
3204
3257
3306
3206
3296
3284
3216
3236
3209
3240
3326
3211
3336
3330
3213
3309
3255
3215
3331
3289
3218
3299
3291
3220
3304
3300
3246
3250
3287
3224
3340
3395
3253
3288
3228
3292
3228
3230
3368
3230
3232
3346
3232
3234
3347
3234
3237
3349
3236
3237
3245
3351
3239
3289
3303
3316
3295
3319
3286
3297
3254
3338
3245
3259
3352
3286
3248
3317
3305
3250
3251
3354
3324
3253
3306
3358
3312
3298
3257
3333
3426
3259
3261
3366
3261
3263
3370
3263
3265
3372
3265
3267
3374
3267
3269
3376
3269
3271
3378
3271
3273
3380
3273
3275
3382
3275
3277
3384
3277
3279
3386
3279
3302
3428
3321
3325
3282
3288
3313
3284
3285
3404
3414
3356
3294
3315
3341
3388
3328
3344
3332
3399
3293
3345
3328
3391
3296
3443
3403
3301
3392
3299
3310
3400
3301
3410
3405
3422
3304
3390
3409
3335
3363
3412
3327
3362
3355
3413
3310
3311
3432
3406
3337
3314
3342
3420
3329
3334
3360
3361
3319
3344
3427
3339
3421
3322
3394
3407
3324
3325
3354
3357
3327
3360
3416
3398
3391
3331
3431
3389
3333
3419
3434
3338
3343
3336
3401
3430
3338
3340
3469
3402
3342
3359
3475
3355
3450
3369
3397
3348
3396
3348
3350
3444
3350
3353
3454
3352
3353
3367
3456
3356
3364
3357
3392
3359
3429
3466
3365
3362
3363
3408
3423
3365
3411
3417
3367
3371
3457
3369
3396
3478
3371
3373
3480
3373
3375
3482
3375
3377
3484
3377
3379
3486
3379
3381
3488
3381
3383
3490
3383
3385
3492
3385
3387
3494
3387
3440
3472
3389
3390
3529
3522
3395
3393
3394
3405
3446
3422
3515
3398
3452
3445
3400
3436
3433
3425
3448
3422
3438
3404
3510
3513
3460
3407
3439
3447
3418
3424
3410
3523
3508
3415
3461
3426
3429
3414
3415
3513
3528
3417
3418
3514
3524
3437
3464
3421
3477
3441
3424
3425
3520
3502
3435
3442
3462
3438
3440
3497
3431
3449
3530
3433
3439
3500
3435
3465
3498
3437
3501
3532
3467
3473
3463
3459
3474
3443
3535
3509
3455
3516
3450
3451
3447
3503
3473
3449
3527
3537
3462
3453
3506
3453
3479
3539
3455
3458
3541
3457
3458
3481
3542
3468
3469
3508
3536
3511
3514
3507
3467
3470
3465
3512
3552
3476
3499
3469
3471
3519
3471
3472
3550
3495
3505
3504
3518
3476
3477
3556
3504
3479
3517
3548
3481
3483
3543
3483
3485
3558
3485
3487
3560
3487
3489
3562
3489
3491
3564
3491
3493
3566
3493
3496
3591
3495
3496
3551
3592
3498
3499
3554
3601
3501
3505
3568
3521
3526
3536
3583
3557
3582
3507
3574
3534
3547
3510
3614
3571
3528
3545
3533
3540
3546
3570
3516
3517
3590
3587
3519
3586
3576
3521
3525
3555
3523
3531
3581
3525
3570
3641
3527
3600
3597
3546
3530
3531
3538
3630
3533
3569
3595
3535
3605
3615
3578
3538
3598
3631
3549
3573
3553
3575
3544
3589
3543
3544
3559
3619
3580
3620
3571
3577
3581
3549
3588
3610
3551
3576
3593
3553
3554
3664
3602
3572
3599
3557
3603
3585
3559
3561
3618
3561
3563
3621
3563
3565
3623
3565
3567
3625
3567
3612
3627
3569
3584
3628
3620
3579
3613
3641
3574
3606
3604
3596
3607
3608
3578
3645
3639
3580
3616
3642
3609
3583
3584
3640
3646
3586
3635
3633
3588
3652
3656
3590
3643
3652
3594
3612
3593
3594
3658
3655
3596
3629
3649
3598
3660
3683
3600
3661
3659
3602
3603
3666
3636
3605
3663
3653
3611
3662
3632
3665
3633
3658
3630
3644
3611
3657
3685
3617
3638
3642
3615
3616
3654
3696
3627
3651
3619
3622
3643
3641
3622
3624
3674
3624
3626
3676
3626
3702
3678
3702
3629
3648
3680
3631
3668
3650
3684
3634
3637
3687
3636
3637
3692
3718
3661
3667
3640
3699
3647
3696
3673
3645
3686
3698
3647
3648
3720
3700
3650
3681
3694
3655
3670
3671
3654
3713
3714
3669
3657
3672
3706
3669
3660
3711
3689
3682
3663
3705
3712
3665
3666
3708
3692
3715
3719
3683
3686
3687
3693
3697
3672
3673
3723
3675
3675
3677
3723
3677
3679
3724
3679
3703
3725
3681
3701
3727
3711
3716
3688
3691
3709
3704
3707
3690
3697
3689
3690
3747
3738
3695
3729
3710
3703
3731
3695
3728
3745
3714
3730
3699
3738
3721
3701
3722
3741
3703
3705
3752
3736
3707
3740
3743
3709
3710
3748
3718
3717
3713
3737
3734
3719
3716
3744
3749
3747
3750
3735
3734
3721
3722
3760
3769
3740
3726
3753
3726
3733
3762
3728
3742
3755
3739
3757
3732
3735
3732
3733
3763
3765
3744
3748
3737
3775
3754
3758
3746
3766
3753
3742
3771
3767
3751
3761
3754
3746
3756
3776
3759
3757
3750
3786
3778
3752
3772
3774
3761
3784
3756
3768
3783
3763
3759
3760
3777
3770
3762
3764
3766
3765
3772
3773
3773
3768
3789
3794
3770
3771
3779
3787
3780
3776
3775
3782
3785
3781
3778
3779
3790
3788
3781
3782
3783
3795
3793
3785
3786
3796
3791
3788
3789
3792
3799
3791
3792
3797
3799
3794
3795
3798
3796
3797
3798
3799
)


// ************************************************************************* //
