/*--------------------------------*- C++ -*----------------------------------*\
  =========                 |
  \\      /  F ield         | OpenFOAM: The Open Source CFD Toolbox
   \\    /   O peration     | Website:  https://openfoam.org
    \\  /    A nd           | Version:  6
     \\/     M anipulation  |
\*---------------------------------------------------------------------------*/
FoamFile
{
    version     2.0;
    format      ascii;
    class       labelList;
    note        "nPoints: 3714 nCells: 3534 nFaces: 12459 nInternalFaces: 5211";
    location    "constant/polyMesh";
    object      neighbour;
}
// * * * * * * * * * * * * * * * * * * * * * * * * * * * * * * * * * * * * * //


5211
(
279
3
351
3
5
571
5
7
353
7
9
354
9
11
356
11
13
358
13
15
360
15
17
362
17
19
364
19
21
366
21
23
368
23
25
370
25
27
372
27
29
374
29
31
376
31
33
378
33
35
380
35
37
382
37
39
384
39
41
386
41
43
388
43
45
390
45
47
392
47
49
394
49
51
396
51
54
398
53
54
84
400
222
279
218
343
221
248
280
345
281
344
282
315
283
316
284
317
285
318
286
319
287
320
288
321
289
322
290
323
291
324
292
325
293
326
294
327
295
328
296
329
297
330
298
331
299
332
300
333
301
334
302
335
303
336
217
84
86
401
86
88
437
88
90
439
90
92
441
92
94
443
94
96
445
96
98
447
98
100
449
100
102
451
102
104
453
104
106
455
106
108
457
108
110
459
110
112
461
112
114
463
114
116
465
116
118
467
118
120
469
120
122
471
122
124
473
124
126
475
126
128
477
128
130
479
130
132
481
132
134
483
134
136
485
136
138
487
138
140
489
140
142
491
142
144
493
144
146
495
146
148
497
148
150
499
150
152
501
152
154
503
154
156
505
156
158
507
158
160
509
160
162
511
162
164
513
164
166
515
166
168
517
168
170
519
170
172
521
172
174
523
174
176
525
176
178
527
178
180
529
180
182
531
182
184
533
184
186
535
186
188
537
188
190
539
190
253
541
253
217
251
249
254
255
304
305
349
306
348
307
347
308
346
309
337
310
338
311
339
312
340
313
341
314
342
266
278
266
268
268
269
269
270
271
577
271
272
272
273
274
580
274
275
276
582
276
277
278
584
570
219
568
221
222
343
404
433
248
345
280
344
281
315
282
316
283
317
284
318
285
319
286
320
287
321
288
322
289
323
290
324
291
325
292
326
293
327
294
328
295
329
296
330
297
331
298
332
299
333
300
334
301
335
302
336
303
570
434
250
572
255
252
628
254
350
403
544
304
349
305
348
306
347
307
346
308
337
309
338
310
339
311
340
312
341
313
342
566
314
350
567
576
577
645
578
579
580
666
581
582
662
583
584
658
585
351
352
406
409
410
411
412
413
414
415
416
417
418
419
420
421
422
423
424
425
426
427
428
429
430
432
436
547
550
554
632
631
627
636
637
563
574
601
599
597
593
606
607
608
609
610
611
612
613
614
615
616
617
618
619
620
621
622
431
558
559
560
561
562
640
588
407
405
556
552
548
542
546
408
587
355
641
355
357
975
357
359
706
359
361
707
361
363
709
363
365
711
365
367
713
367
369
715
369
371
717
371
373
719
373
375
721
375
377
723
377
379
725
379
381
727
381
383
729
383
385
731
385
387
733
387
389
735
389
391
737
391
393
739
393
395
741
395
397
743
397
399
745
399
402
747
401
402
438
749
590
624
569
591
551
625
589
594
408
435
893
575
600
598
602
596
603
592
604
605
693
692
701
691
700
690
699
689
698
688
697
687
696
686
695
685
694
655
684
654
683
653
682
652
681
651
680
650
679
649
678
648
677
586
647
555
634
545
629
546
676
435
591
921
549
595
438
440
750
440
442
790
442
444
792
444
446
794
446
448
796
448
450
798
450
452
800
452
454
802
454
456
804
456
458
806
458
460
808
460
462
810
462
464
812
464
466
814
466
468
816
468
470
818
470
472
820
472
474
822
474
476
824
476
478
826
478
480
828
480
482
830
482
484
832
484
486
834
486
488
836
488
490
838
490
492
840
492
494
842
494
496
844
496
498
846
498
500
848
500
502
850
502
504
852
504
506
854
506
508
856
508
510
858
510
512
860
512
514
862
514
516
864
516
518
866
518
520
868
520
522
870
522
524
872
524
526
874
526
528
876
528
530
878
530
532
880
532
534
882
534
536
884
536
538
886
538
540
888
540
543
971
542
543
565
890
545
573
898
571
553
623
549
629
891
551
557
902
553
595
904
555
625
906
557
623
908
630
702
626
633
635
675
674
704
564
703
564
565
941
890
639
672
638
670
569
642
919
586
641
573
624
913
575
589
915
646
670
644
643
668
667
668
665
663
664
661
659
660
657
656
672
628
588
927
594
753
628
933
705
593
785
605
764
757
597
787
604
599
762
603
601
760
602
759
756
755
754
693
701
692
700
691
699
690
698
689
697
688
696
687
695
686
694
655
685
654
684
653
683
652
682
651
681
650
680
649
679
648
678
647
677
784
895
789
627
894
635
896
631
923
633
634
702
910
900
925
675
704
674
703
639
982
978
642
676
968
929
644
983
985
646
997
986
947
783
782
781
780
779
778
777
776
657
956
987
659
1004
988
661
1003
989
663
1002
990
665
1001
991
667
1000
992
669
993
999
671
994
998
673
959
984
917
912
967
970
965
964
963
962
961
960
955
957
774
952
951
950
949
948
932
944
752
773
772
771
770
769
768
767
766
758
977
920
980
708
979
708
710
1328
710
712
1035
712
714
1036
714
716
1038
716
718
1040
718
720
1042
720
722
1044
722
724
1046
724
726
1048
726
728
1050
728
730
1052
730
732
1054
732
734
1056
734
736
1058
736
738
1060
738
740
1062
740
742
1064
742
744
1066
744
746
1068
746
748
1070
748
751
1072
750
751
791
1074
775
1005
765
934
786
943
788
942
763
937
892
938
918
940
761
936
761
916
1077
763
936
1084
765
928
1086
901
939
931
945
946
995
1016
1026
1015
1025
1014
1024
1013
1023
953
1022
775
953
1286
954
1021
958
996
1011
1028
1010
1027
1009
1020
1008
1019
1007
1018
1006
1017
905
974
786
942
1280
788
937
1318
903
966
791
793
1075
793
795
1117
795
797
1119
797
799
1121
799
801
1123
801
803
1125
803
805
1127
805
807
1129
807
809
1131
809
811
1133
811
813
1135
813
815
1137
815
817
1139
817
819
1141
819
821
1143
821
823
1145
823
825
1147
825
827
1149
827
829
1151
829
831
1153
831
833
1155
833
835
1157
835
837
1159
837
839
1161
839
841
1163
841
843
1165
843
845
1167
845
847
1169
847
849
1171
849
851
1173
851
853
1175
853
855
1177
855
857
1179
857
859
1181
859
861
1183
861
863
1185
863
865
1187
865
867
1189
867
869
1191
869
871
1193
871
873
1195
873
875
1197
875
877
1199
877
879
1201
879
881
1203
881
883
1205
883
885
1207
885
887
1209
887
889
1211
889
1374
1213
969
892
897
1217
922
972
911
935
973
981
897
899
1270
899
914
1224
901
907
1225
903
909
1227
905
938
1229
907
966
1231
909
974
1233
911
924
1235
926
976
914
981
1268
916
934
1252
918
1031
1254
920
930
1264
922
980
1265
924
939
1272
926
935
1276
928
972
1278
930
1029
1341
932
1080
946
947
973
1033
1345
1214
1081
1083
1082
941
1088
969
1244
944
1112
945
1089
1295
1012
995
1026
1016
1025
1015
1024
1014
1023
1013
1022
1323
955
1288
958
959
1097
1005
1021
1099
1096
996
1028
1011
1027
1010
1020
1009
1019
1008
1018
1007
1017
1111
968
1029
1030
971
1006
1012
1374
1247
1102
1032
979
1030
977
1222
1031
984
1242
1237
1282
1240
994
1241
993
1239
1245
997
1236
998
1250
1004
1251
1003
1259
1002
1260
1001
1261
1000
1262
999
1263
1361
1243
1274
1290
1284
1248
1238
1257
1258
1267
1114
1216
1219
1098
1079
1332
1331
1315
1104
1100
1115
1299
1301
1303
1305
1109
1108
1107
1106
1034
1095
1094
1093
1092
1091
1103
1078
1078
1221
1230
1342
1087
1337
1116
1335
1037
1327
1037
1039
1654
1039
1041
1375
1041
1043
1376
1043
1045
1378
1045
1047
1380
1047
1049
1382
1049
1051
1384
1051
1053
1386
1053
1055
1388
1055
1057
1390
1057
1059
1392
1059
1061
1394
1061
1063
1396
1063
1065
1398
1065
1067
1400
1067
1069
1402
1069
1071
1404
1071
1073
1406
1073
1076
1408
1075
1076
1118
1741
1253
1338
1292
1110
1304
1090
1294
1085
1317
1226
1316
1218
1313
1085
1215
1426
1087
1279
1423
1256
1425
1090
1113
1417
1105
1314
1275
1302
1300
1319
1298
1320
1297
1321
1246
1296
1251
1324
1101
1325
1289
1326
1101
1102
1768
1240
1291
1329
1105
1329
1441
1220
1309
1330
1366
1365
1370
1110
1369
1607
1228
1310
1113
1281
1605
1260
1312
1116
1297
1603
1118
1120
1665
1120
1122
1452
1122
1124
1453
1124
1126
1455
1126
1128
1457
1128
1130
1459
1130
1132
1461
1132
1134
1463
1134
1136
1465
1136
1138
1467
1138
1140
1469
1140
1142
1471
1142
1144
1473
1144
1146
1475
1146
1148
1477
1148
1150
1479
1150
1152
1481
1152
1154
1483
1154
1156
1485
1156
1158
1487
1158
1160
1489
1160
1162
1491
1162
1164
1493
1164
1166
1495
1166
1168
1497
1168
1170
1499
1170
1172
1501
1172
1174
1503
1174
1176
1505
1176
1178
1507
1178
1180
1509
1180
1182
1511
1182
1184
1513
1184
1186
1515
1186
1188
1517
1188
1190
1519
1190
1192
1521
1192
1194
1523
1194
1196
1525
1196
1198
1527
1198
1200
1529
1200
1202
1531
1202
1204
1533
1204
1206
1535
1206
1208
1537
1208
1210
1539
1210
1212
1541
1212
1626
1543
1425
1626
1215
1338
1601
1259
1311
1218
1271
1599
1220
1287
1545
1223
1255
1223
1277
1587
1269
1306
1226
1232
1578
1228
1234
1549
1230
1313
1639
1232
1310
1657
1234
1342
1551
1273
1344
1239
1363
1292
1346
1347
1362
1348
1336
1242
1367
1350
1249
1352
1307
1353
1246
1351
1576
1266
1343
1249
1355
1575
1285
1354
1333
1253
1337
1567
1255
1256
1708
1686
1263
1293
1262
1356
1357
1339
1267
1358
1359
1649
1334
1368
1266
1283
1568
1322
1269
1336
1583
1271
1306
1670
1273
1316
1585
1275
1308
1588
1277
1371
1590
1279
1343
1592
1281
1307
1636
1283
1334
1596
1285
1364
1598
1287
1349
1609
1289
1309
1611
1291
1326
1613
1341
1360
1412
1295
1373
1308
1324
1424
1411
1299
1450
1321
1301
1436
1320
1303
1433
1319
1305
1431
1325
1430
1547
1676
1621
1443
1333
1421
1357
1419
1427
1315
1440
1330
1444
1318
1624
1353
1448
1415
1413
1340
1434
1335
1349
1438
1410
1416
1328
1615
1346
1555
1617
1366
1370
1365
1369
1647
1684
1570
1648
1674
1619
1340
1420
1668
1368
1594
1548
1345
1563
1371
1582
1439
1557
1372
1553
1558
1351
1637
1678
1367
1562
1560
1355
1643
1681
1358
1565
1687
1422
1360
1566
1688
1362
1372
1572
1364
1554
1690
1580
1446
1428
1559
1546
1653
1445
1429
1418
1675
1425
1377
1662
1377
1379
1974
1379
1381
1709
1381
1383
1710
1383
1385
1712
1385
1387
1714
1387
1389
1716
1389
1391
1718
1391
1393
1720
1393
1395
1722
1395
1397
1724
1397
1399
1726
1399
1401
1728
1401
1403
1730
1403
1405
1732
1405
1407
1734
1407
1409
1736
1409
1741
1738
1432
1768
1414
1625
1628
1658
1414
1451
1742
1437
1630
1612
1631
1418
1606
1948
1420
1689
1747
1695
1700
1435
1697
1593
1692
1577
1667
1602
1623
1600
1638
1637
1641
1574
1671
1584
1669
1432
1608
1877
1589
1645
1435
1703
1779
1437
1449
1991
1627
1646
1447
1649
1442
1663
1442
1556
1776
1550
1656
1579
1644
1564
1655
1618
1652
1650
1661
1449
1645
1761
1451
1630
1780
1454
1664
1454
1456
1759
1456
1458
1785
1458
1460
1786
1460
1462
1788
1462
1464
1790
1464
1466
1792
1466
1468
1794
1468
1470
1796
1470
1472
1798
1472
1474
1800
1474
1476
1802
1476
1478
1804
1478
1480
1806
1480
1482
1808
1482
1484
1810
1484
1486
1812
1486
1488
1814
1488
1490
1816
1490
1492
1818
1492
1494
1820
1494
1496
1822
1496
1498
1824
1498
1500
1826
1500
1502
1828
1502
1504
1830
1504
1506
1832
1506
1508
1834
1508
1510
1836
1510
1512
1838
1512
1514
1840
1514
1516
1842
1516
1518
1844
1518
1520
1846
1520
1522
1848
1522
1524
1850
1524
1526
1852
1526
1528
1854
1528
1530
1856
1530
1532
1858
1532
1534
1860
1534
1536
1862
1536
1538
1864
1538
1540
1866
1540
1542
1868
1542
1544
1870
1544
1629
1872
1610
1640
1581
1632
1561
1635
1569
1634
1550
1552
1743
1552
1595
1882
1554
1672
1886
1556
1614
1887
1573
1651
1571
1633
1582
1693
1561
1680
1905
1575
1666
1564
1586
1913
1566
1698
1898
1660
1683
1569
1597
1911
1571
1604
1909
1573
1574
2014
2029
1642
1577
1679
1915
1579
1702
1971
1581
1659
1987
1616
1584
1677
1919
1586
1644
1922
1591
1924
1589
1694
1917
1591
1655
1975
1593
1634
1925
1595
1701
1927
1597
1704
1932
1643
1685
1600
1696
1891
1602
1620
1936
1604
1625
1938
1606
1673
1999
1608
1632
1940
1610
1633
1942
1612
1622
1944
1614
1631
1946
1616
1691
1745
1618
1663
1952
1620
1660
1954
1622
1640
1956
1624
1784
1680
1967
1629
1667
1707
1688
1705
1686
1772
1749
1950
1758
1760
1636
1896
1673
1929
1639
1763
1701
1884
1666
1754
1682
1753
1756
1934
1774
1647
2002
1695
1677
1768
1658
1651
2023
1992
1653
1770
1659
1662
1691
1769
1657
1782
1702
1661
1765
1993
2021
1885
1706
1665
1739
1741
1778
1893
1703
1904
1670
1875
1696
1672
2031
2007
1881
1683
1692
1676
1889
1694
1878
1679
1931
2015
2004
1682
1757
2018
1755
1693
1704
1690
1894
1752
1699
1700
2024
1699
1907
1908
1899
1766
1744
1880
1879
1762
1698
2001
2030
1773
1902
1748
1750
1751
1746
1994
2020
1777
1997
1961
2006
1752
1924
1711
1973
1711
1713
2278
1713
1715
2040
1715
1717
2041
1717
1719
2043
1719
1721
2045
1721
1723
2047
1723
1725
2049
1725
1727
2051
1727
1729
2053
1729
1731
2055
1731
1733
2057
1733
1735
2059
1735
1737
2061
1737
1740
2063
1739
1740
1759
2276
1781
1966
1883
1972
1745
1746
1901
1963
1904
1990
1764
1977
1945
1978
1783
1970
1980
1981
1873
1778
2022
1930
1969
1767
2032
1757
1895
2229
1910
1984
1985
1912
1962
1775
2027
1876
2008
1764
1892
2227
1771
1989
1767
1926
2210
1914
2000
1771
1953
2082
1996
2036
1903
1982
1775
1918
2080
1777
1888
2288
1960
1981
2001
1781
1996
2090
1783
1972
2099
1937
2003
1787
1985
1787
1789
2102
1789
1791
2104
1791
1793
2106
1793
1795
2108
1795
1797
2110
1797
1799
2112
1799
1801
2114
1801
1803
2116
1803
1805
2118
1805
1807
2120
1807
1809
2122
1809
1811
2124
1811
1813
2126
1813
1815
2128
1815
1817
2130
1817
1819
2132
1819
1821
2134
1821
1823
2136
1823
1825
2138
1825
1827
2140
1827
1829
2142
1829
1831
2144
1831
1833
2146
1833
1835
2148
1835
1837
2150
1837
1839
2152
1839
1841
2154
1841
1843
2156
1843
1845
2158
1845
1847
2160
1847
1849
2162
1849
1851
2164
1851
1853
2166
1853
1855
2168
1855
1857
2170
1857
1859
2172
1859
1861
2174
1861
1863
2176
1863
1865
2178
1865
1867
2180
1867
1869
2182
1869
1871
2184
1871
1874
2186
1873
1874
1959
2188
1876
1921
2069
1878
1941
1920
1976
2017
1890
1988
1897
1998
1883
1928
2089
1943
2005
1900
2010
1908
2011
1888
1947
2085
1890
1949
2204
1892
2008
2205
1916
2013
1895
2019
2084
1897
1906
2211
2009
2025
1900
1901
2367
1964
1903
1976
2088
1986
1906
2033
2214
1983
1990
2028
1910
1939
2218
1912
1933
2220
1914
1923
2341
1916
2016
2223
1918
1988
2305
1920
1921
2251
2351
1923
1935
2195
1958
1926
1962
2232
1928
1977
2237
1930
1931
2331
2354
1933
1965
2243
1935
2034
2241
1937
1955
2245
1939
1979
2248
1941
1951
2250
1943
1984
2253
1945
1957
2255
1947
1978
2257
1949
2012
2259
1951
1987
2261
1953
1997
2263
1955
1995
2265
1957
2005
2267
1959
1975
2189
1968
2103
2013
2239
2038
1964
1965
2364
2271
1967
2076
1979
1969
2326
2365
1971
2071
2034
2225
1974
2101
2010
2000
2234
2196
2077
2323
1986
2067
2068
1983
2281
2072
2070
2276
2207
1989
2350
2191
2087
2027
2036
2014
2075
1995
2032
2026
2073
2081
2074
2098
1999
2193
2012
2252
2199
2006
2035
2004
2096
2033
2197
2200
2011
2083
2329
2030
2198
2319
2065
2192
2086
2037
2016
2355
2337
2035
2208
2022
2209
2028
2202
2021
2339
2023
2213
2206
2025
2026
2296
2342
2079
2347
2031
2037
2222
2247
2216
2078
2315
2039
2093
2066
2221
2269
2201
2299
2042
2277
2042
2044
2563
2044
2046
2368
2046
2048
2369
2048
2050
2371
2050
2052
2373
2052
2054
2375
2054
2056
2377
2056
2058
2379
2058
2060
2381
2060
2062
2383
2062
2064
2385
2064
2356
2387
2275
2348
2308
2333
2286
2289
2289
2306
2346
2353
2219
2345
2100
2320
2408
2876
2292
2340
2091
2095
2206
2332
2092
2322
2256
2301
2097
2314
2094
2303
2303
2304
2217
2297
2264
2294
2247
2293
2203
2230
2258
2287
2224
2284
2207
2408
2236
2280
2238
2279
2091
2092
2605
2872
2094
2095
2286
2313
2097
2246
2406
2302
2307
2100
2226
2413
2291
2318
2105
2317
2213
2273
2105
2107
2522
2107
2109
2415
2109
2111
2416
2111
2113
2418
2113
2115
2420
2115
2117
2422
2117
2119
2424
2119
2121
2426
2121
2123
2428
2123
2125
2430
2125
2127
2432
2127
2129
2434
2129
2131
2436
2131
2133
2438
2133
2135
2440
2135
2137
2442
2137
2139
2571
2139
2141
2444
2141
2143
2445
2143
2145
2446
2145
2147
2447
2147
2149
2573
2149
2151
2448
2151
2153
2643
2153
2155
2449
2155
2157
2616
2157
2159
2450
2159
2161
2451
2161
2163
2453
2163
2165
2455
2165
2167
2457
2167
2169
2459
2169
2171
2461
2171
2173
2463
2173
2175
2465
2175
2177
2467
2177
2179
2469
2179
2181
2471
2181
2183
2473
2183
2185
2475
2185
2187
2477
2187
2190
2481
2189
2190
2321
2479
2294
2309
2194
2310
2194
2212
2579
2242
2325
2228
2311
2254
2290
2295
2328
2222
2316
2201
2240
2395
2203
2270
2494
2260
2362
2283
2334
2335
2599
2235
2300
2231
2327
2233
2282
2212
2215
2394
2324
2215
2314
2505
2217
2282
2510
2219
2249
2512
2221
2244
2514
2336
2224
2338
2516
2226
2279
2517
2228
2283
2519
2230
2231
2501
2574
2233
2269
2400
2235
2236
2630
2640
2238
2311
2499
2240
2285
2527
2242
2330
2530
2244
2272
2533
2246
2266
2535
2298
2249
2360
2539
2251
2262
2352
2312
2321
2254
2345
2537
2256
2268
2542
2258
2301
2544
2260
2310
2548
2262
2309
2549
2264
2307
2551
2266
2297
2557
2268
2290
2559
2488
2349
2363
2272
2364
2561
2326
2483
2331
2365
2575
2293
2521
2356
2278
2402
2291
2392
2281
2407
2358
2546
2582
2285
2608
2587
2313
2288
2403
2302
2303
2526
2507
2344
2398
2399
2366
2296
2610
2343
2495
2308
2401
2300
2597
2595
2396
2594
2305
2306
2357
2316
2525
2414
2554
2562
2482
2341
2409
2599
2601
2320
2330
2410
2356
2388
2319
2411
2359
2492
2480
2323
2583
2360
2327
2614
2341
2484
2485
2572
2336
2490
2334
2346
2491
2397
2333
2624
2622
2391
2361
2496
2497
2338
2633
2627
2340
2361
2502
2343
2344
2685
2611
2390
2540
2348
2349
2619
2570
2357
2362
2352
2353
2550
2637
2355
2397
2529
2410
2405
2583
2367
2393
2405
2404
2498
2444
2445
2367
2487
2553
2555
2370
2634
2370
2372
2644
2372
2374
2646
2374
2376
2648
2376
2378
2650
2378
2380
2652
2380
2382
2654
2382
2384
2656
2384
2386
2658
2386
2389
2660
2388
2389
2524
2662
2513
2604
2541
2581
2500
2577
2412
2561
2506
2578
2528
2597
2543
2589
2565
2503
2606
2401
2632
2489
2598
2592
2508
2564
2545
2593
2504
2635
2566
2536
2600
2566
2642
2567
2602
2618
2497
2412
2509
2678
2518
2607
2590
2623
2417
2523
2417
2419
2812
2419
2421
2687
2421
2423
2688
2423
2425
2690
2425
2427
2692
2427
2429
2694
2429
2431
2696
2431
2433
2698
2433
2435
2700
2435
2437
2702
2437
2439
2704
2439
2441
2706
2441
2443
2815
2443
2591
2708
2569
2494
2494
2501
2501
2574
2572
2643
2483
2486
2452
2609
2452
2454
2807
2454
2456
2712
2456
2458
2713
2458
2460
2715
2460
2462
2717
2462
2464
2719
2464
2466
2721
2466
2468
2723
2468
2470
2725
2470
2472
2727
2472
2474
2729
2474
2476
2731
2476
2478
2733
2478
2615
2735
2480
2481
2602
2615
2520
2626
2614
2532
2618
2486
2487
2616
2738
2489
2515
2710
2568
2610
2493
2531
2493
2607
2674
2511
2603
2624
2636
2498
2548
2500
2626
2744
2503
2504
2907
2826
2506
2631
2667
2508
2509
2873
2833
2511
2547
2671
2513
2625
2752
2515
2534
2754
2596
2608
2518
2577
2750
2520
2585
2821
2617
2620
2523
2524
2843
2663
2552
2628
2538
2580
2528
2588
2746
2586
2633
2531
2532
2804
2792
2534
2584
2740
2536
2558
2771
2538
2604
2773
2566
2625
2541
2639
2769
2543
2560
2778
2545
2589
2780
2547
2598
2782
2568
2550
2556
2638
2552
2553
2853
2848
2555
2556
2789
2834
2558
2603
2741
2560
2580
2784
2584
2568
2613
2564
2634
2786
2576
2586
2605
2872
2570
2571
2621
2591
2573
2574
2576
2787
2908
2668
2579
2757
2613
2763
2582
2764
2585
2876
2679
2743
2645
2588
2822
2794
2767
2592
2777
2666
2682
2594
2665
2628
2629
2686
2627
2669
2670
2672
2605
2601
2675
2631
2739
2819
2709
2612
2766
2676
2742
2616
2738
2683
2612
2809
2889
2684
2643
2739
2632
2824
2737
2620
2621
2814
2666
2623
2681
2828
2680
2768
2775
2749
2801
2630
2788
2641
2747
2673
2760
2818
2636
2856
2831
2638
2639
2836
2837
2641
2642
2982
2768
2647
2817
2761
2858
2647
2649
3018
2649
2651
2859
2651
2653
2860
2653
2655
2862
2655
2657
2864
2657
2659
2866
2659
2661
2868
2661
2664
2870
2663
2664
2843
3001
2781
2829
2708
2748
2758
2745
2791
2797
2799
2686
2798
2783
2842
2711
2816
2682
2810
2677
2803
2772
2800
2677
2751
2948
2679
2805
2740
2681
2832
2883
2850
2684
2685
2759
2809
2840
2689
2811
2689
2691
2956
2691
2693
2890
2693
2695
2891
2695
2697
2893
2697
2699
2895
2699
2701
2897
2701
2703
2899
2703
2705
2901
2705
2707
2903
2707
2844
2944
2813
2753
2806
2711
2755
2905
2714
2906
2714
2716
2888
2716
2718
2919
2718
2720
2920
2720
2722
2921
2722
2724
2923
2724
2726
2925
2726
2728
2927
2728
2730
2929
2730
2732
2931
2732
2734
2933
2734
2736
2935
2736
2802
2937
2756
2793
2787
2756
2796
2825
2854
2799
2822
2765
2820
2745
2776
2884
2795
2798
2748
2800
3047
2762
2830
2751
2791
3012
2753
2808
2952
2755
2796
2953
2802
2758
2759
3035
2973
2761
2762
2998
3008
2774
2790
2765
2770
2968
2827
2910
2779
2839
2808
2770
2847
2974
2772
2825
2978
2774
2806
3029
2776
2823
2980
2828
2851
2779
2785
2958
2781
2839
2983
2783
2816
2985
2785
2790
2987
2846
2911
2807
2841
2940
2835
2849
2857
2879
2793
3015
3002
2795
3034
3005
2881
2830
2874
2875
3000
2945
2829
2852
2878
2804
3042
3015
2833
2880
3017
2906
2982
2973
2838
2942
2812
2887
2845
2814
2815
2824
2844
3026
2818
2949
2846
2842
2854
2821
2918
2823
2963
2990
2838
2947
2855
2917
2912
2941
2946
2964
2951
2832
3032
3052
2914
2835
2836
2909
2837
2847
2844
2886
2841
2970
2961
2960
2845
3001
2882
2909
2849
2995
3040
2851
2943
2989
2853
3021
2995
2966
2856
3004
3031
3014
3054
2877
2908
2861
3056
2861
2863
3132
2863
2865
3060
2865
2867
3061
2867
2869
3063
2869
2871
3065
2871
3055
3067
2876
2911
2914
2999
3006
2971
3007
2915
2997
2938
3002
2885
3011
2881
2994
2954
2950
3016
2946
3019
2885
2981
3127
2959
3013
2957
3058
2915
2916
2912
3022
2892
3023
2892
2894
3156
2894
2896
3081
2896
2898
3082
2898
2900
3084
2900
2902
3086
2902
2904
3088
2904
3024
3090
2955
3025
2916
2910
2917
2916
2913
2975
2993
3181
2974
3040
2992
2919
2965
2969
3030
3033
2922
3033
2922
2924
3092
2924
2926
3094
2926
2928
3096
2928
2930
3098
2930
2932
3100
2932
2934
3102
2934
2936
3104
2936
2939
3106
2938
2939
3162
3171
2952
2982
2976
3036
2943
2944
3037
3024
2979
3049
3043
2967
3045
3041
3046
2950
3048
3115
3010
3051
2962
2954
2955
3326
3185
2957
3023
3129
2959
2988
3121
2986
3057
2962
2972
3017
3034
3050
2984
3020
2977
3003
2967
3057
3119
2969
2996
3126
2971
2972
3195
3028
3022
2996
2976
2977
3170
3196
2979
3045
3108
2981
2991
3134
2984
3013
3201
2986
3053
3140
2988
3014
3142
3038
3044
2991
3030
3136
2993
2994
3016
3145
3073
3113
2998
3118
3009
3000
3154
3050
3055
3112
3004
3151
3149
3007
3078
3051
3070
3071
3009
3010
3220
3222
3012
3072
3046
3114
3079
3111
3117
3027
3048
3056
3052
3076
3021
3157
3074
3035
3123
3039
3026
3091
3053
3028
3029
3167
3054
3191
3032
3150
3168
3118
3093
3181
3049
3110
3038
3039
3177
3090
3075
3042
3204
3176
3044
3077
3180
3080
3184
3049
3181
3182
3144
3116
3169
3165
3124
3058
3059
3138
3068
3133
3193
3062
3146
3062
3064
3261
3064
3066
3211
3066
3069
3212
3068
3069
3131
3214
3175
3192
3147
3148
3128
3183
3074
3075
3223
3113
3077
3187
3227
3093
3153
3125
3152
3109
3120
3083
3155
3083
3085
3221
3085
3087
3230
3087
3089
3232
3089
3160
3234
3160
3164
3186
3095
3163
3200
3095
3097
3243
3097
3099
3292
3099
3101
3244
3101
3103
3245
3103
3105
3247
3105
3107
3249
3107
3173
3251
3109
3110
3240
3170
3112
3176
3161
3158
3122
3202
3178
3189
3174
3222
3145
3178
3163
3120
3139
3259
3122
3143
3260
3130
3166
3125
3167
3265
3158
3190
3128
3135
3206
3130
3131
3302
3215
3133
3146
3263
3135
3137
3269
3137
3194
3271
3139
3141
3274
3141
3188
3276
3143
3152
3278
3159
3199
3281
3207
3195
3265
3153
3288
3150
3219
3267
3198
3218
3226
3287
3159
3192
3156
3301
3166
3205
3224
3225
3229
3177
3162
3210
3172
3220
3165
3257
3188
3256
3195
3169
3266
3187
3197
3172
3173
3408
3316
3175
3293
3310
3208
3179
3228
3180
3235
3253
3189
3193
3184
3319
3203
3186
3326
3294
3242
3241
3237
3191
3304
3194
3273
3217
3282
3197
3198
3240
3306
3200
3330
3287
3202
3205
3284
3204
3318
3209
3280
3270
3331
3262
3298
3209
3210
3355
3436
3213
3314
3213
3216
3334
3215
3216
3302
3335
3238
3264
3219
3299
3336
3290
3231
3300
3290
3224
3225
3320
3303
3289
3309
3254
3328
3239
3296
3308
3329
3231
3233
3365
3233
3236
3343
3235
3236
3255
3344
3238
3239
3398
3361
3307
3258
3297
3268
3327
3290
3291
3246
3313
3246
3248
3370
3248
3250
3349
3250
3252
3350
3252
3317
3352
3254
3255
3400
3345
3305
3312
3258
3295
3356
3275
3307
3279
3285
3262
3314
3368
3264
3298
3409
3289
3267
3268
3388
3410
3270
3272
3373
3272
3283
3374
3308
3311
3275
3277
3363
3277
3297
3377
3279
3309
3381
3286
3321
3296
3326
3283
3332
3367
3285
3286
3417
3418
3325
3289
3323
3292
3293
3313
3339
3295
3315
3348
3315
3338
3347
3306
3364
3301
3337
3312
3305
3304
3322
3332
3335
3307
3359
3324
3311
3341
3391
3396
3340
3394
3360
3317
3422
3449
3333
3354
3331
3333
3321
3322
3406
3405
3324
3325
3380
3376
3328
3420
3401
3330
3393
3390
3382
3404
3342
3385
3397
3385
3388
3403
3366
3413
3358
3378
3340
3341
3372
3445
3384
3386
3346
3387
3345
3346
3402
3473
3369
3423
3357
3362
3351
3371
3351
3353
3470
3353
3425
3434
3355
3532
3500
3357
3358
3450
3501
3389
3392
3361
3362
3399
3460
3364
3379
3403
3366
3387
3442
3411
3421
3369
3412
3440
3371
3372
3476
3445
3375
3383
3375
3411
3444
3390
3395
3378
3379
3482
3469
3381
3395
3416
3383
3384
3475
3484
3414
3425
3433
3424
3427
3391
3426
3453
3481
3393
3452
3456
3397
3412
3430
3413
3414
3459
3399
3415
3478
3401
3402
3489
3473
3428
3405
3421
3407
3407
3418
3437
3422
3436
3415
3423
3419
3427
3467
3446
3429
3487
3432
3417
3431
3435
3435
3420
3457
3488
3438
3511
3439
3471
3479
3449
3451
3472
3448
3448
3469
3443
3513
3431
3454
3463
3455
3458
3434
3486
3461
3462
3500
3438
3464
3465
3441
3455
3441
3447
3502
3443
3471
3520
3474
3480
3481
3447
3477
3506
3468
3532
3460
3496
3452
3523
3504
3454
3456
3490
3493
3503
3468
3492
3478
3494
3477
3487
3478
3470
3518
3463
3464
3491
3466
3466
3467
3528
3480
3521
3483
3472
3499
3476
3479
3475
3514
3485
3481
3517
3498
3515
3483
3508
3533
3485
3486
3530
3525
3513
3489
3497
3498
3491
3505
3528
3497
3526
3495
3512
3495
3496
3509
3501
3522
3499
3510
3511
3508
3507
3512
3504
3505
3516
3527
3507
3519
3524
3509
3533
3520
3522
3532
3529
3517
3516
3531
3516
3527
3519
3523
3525
3520
3529
3533
3524
3531
3526
3530
3529
3528
3531
)


// ************************************************************************* //
