/*--------------------------------*- C++ -*----------------------------------*\
  =========                 |
  \\      /  F ield         | OpenFOAM: The Open Source CFD Toolbox
   \\    /   O peration     | Website:  https://openfoam.org
    \\  /    A nd           | Version:  6
     \\/     M anipulation  |
\*---------------------------------------------------------------------------*/
FoamFile
{
    version     2.0;
    format      ascii;
    class       vectorField;
    location    "constant/polyMesh";
    object      points;
}
// * * * * * * * * * * * * * * * * * * * * * * * * * * * * * * * * * * * * * //


3714
(
(1 0 0)
(15 7.5 0)
(15 -7.5 0)
(-15 7.5 0)
(-15 -7.5 0)
(-15 -6.96429 0)
(-15 -6.42857 0)
(-15 -5.89286 0)
(-15 -5.35714 0)
(-15 -4.82143 0)
(-15 -4.28571 0)
(-15 -3.75 0)
(-15 -3.21429 0)
(-15 -2.67857 0)
(-15 -2.14286 0)
(-15 -1.60714 0)
(-15 -1.07143 0)
(-15 -0.535714 0)
(-15 1.42997e-13 0)
(-15 0.535714 0)
(-15 1.07143 0)
(-15 1.60714 0)
(-15 2.14286 0)
(-15 2.67857 0)
(-15 3.21429 0)
(-15 3.75 0)
(-15 4.28571 0)
(-15 4.82143 0)
(-15 5.35714 0)
(-15 5.89286 0)
(-15 6.42857 0)
(-15 6.96429 0)
(-14.4643 -7.5 0)
(-13.9286 -7.5 0)
(-13.3929 -7.5 0)
(-12.8571 -7.5 0)
(-12.3214 -7.5 0)
(-11.7857 -7.5 0)
(-11.25 -7.5 0)
(-10.7143 -7.5 0)
(-10.1786 -7.5 0)
(-9.64286 -7.5 0)
(-9.10714 -7.5 0)
(-8.57143 -7.5 0)
(-8.03571 -7.5 0)
(-7.5 -7.5 0)
(-6.96429 -7.5 0)
(-6.42857 -7.5 0)
(-5.89286 -7.5 0)
(-5.35714 -7.5 0)
(-4.82143 -7.5 0)
(-4.28571 -7.5 0)
(-3.75 -7.5 0)
(-3.21429 -7.5 0)
(-2.67857 -7.5 0)
(-2.14286 -7.5 0)
(-1.60714 -7.5 0)
(-1.07143 -7.5 0)
(-0.535714 -7.5 0)
(2.85993e-13 -7.5 0)
(0.535714 -7.5 0)
(1.07143 -7.5 0)
(1.60714 -7.5 0)
(2.14286 -7.5 0)
(2.67857 -7.5 0)
(3.21429 -7.5 0)
(3.75 -7.5 0)
(4.28571 -7.5 0)
(4.82143 -7.5 0)
(5.35714 -7.5 0)
(5.89286 -7.5 0)
(6.42857 -7.5 0)
(6.96429 -7.5 0)
(7.5 -7.5 0)
(8.03571 -7.5 0)
(8.57143 -7.5 0)
(9.10714 -7.5 0)
(9.64286 -7.5 0)
(10.1786 -7.5 0)
(10.7143 -7.5 0)
(11.25 -7.5 0)
(11.7857 -7.5 0)
(12.3214 -7.5 0)
(12.8571 -7.5 0)
(13.3929 -7.5 0)
(13.9286 -7.5 0)
(14.4643 -7.5 0)
(-14.4643 7.5 0)
(-13.9286 7.5 0)
(-13.3929 7.5 0)
(-12.8571 7.5 0)
(-12.3214 7.5 0)
(-11.7857 7.5 0)
(-11.25 7.5 0)
(-10.7143 7.5 0)
(-10.1786 7.5 0)
(-9.64286 7.5 0)
(-9.10714 7.5 0)
(-8.57143 7.5 0)
(-8.03571 7.5 0)
(-7.5 7.5 0)
(-6.96429 7.5 0)
(-6.42857 7.5 0)
(-5.89286 7.5 0)
(-5.35714 7.5 0)
(-4.82143 7.5 0)
(-4.28571 7.5 0)
(-3.75 7.5 0)
(-3.21429 7.5 0)
(-2.67857 7.5 0)
(-2.14286 7.5 0)
(-1.60714 7.5 0)
(-1.07143 7.5 0)
(-0.535714 7.5 0)
(2.85993e-13 7.5 0)
(0.535714 7.5 0)
(1.07143 7.5 0)
(1.60714 7.5 0)
(2.14286 7.5 0)
(2.67857 7.5 0)
(3.21429 7.5 0)
(3.75 7.5 0)
(4.28571 7.5 0)
(4.82143 7.5 0)
(5.35714 7.5 0)
(5.89286 7.5 0)
(6.42857 7.5 0)
(6.96429 7.5 0)
(7.5 7.5 0)
(8.03571 7.5 0)
(8.57143 7.5 0)
(9.10714 7.5 0)
(9.64286 7.5 0)
(10.1786 7.5 0)
(10.7143 7.5 0)
(11.25 7.5 0)
(11.7857 7.5 0)
(12.3214 7.5 0)
(12.8571 7.5 0)
(13.3929 7.5 0)
(13.9286 7.5 0)
(14.4643 7.5 0)
(15 -6.96429 0)
(15 -6.42857 0)
(15 -5.89286 0)
(15 -5.35714 0)
(15 -4.82143 0)
(15 -4.28571 0)
(15 -3.75 0)
(15 -3.21429 0)
(15 -2.67857 0)
(15 -2.14286 0)
(15 -1.60714 0)
(15 -1.07143 0)
(15 -0.535714 0)
(15 1.42997e-13 0)
(15 0.535714 0)
(15 1.07143 0)
(15 1.60714 0)
(15 2.14286 0)
(15 2.67857 0)
(15 3.21429 0)
(15 3.75 0)
(15 4.28571 0)
(15 4.82143 0)
(15 5.35714 0)
(15 5.89286 0)
(15 6.42857 0)
(15 6.96429 0)
(0.863381 0.504553 0)
(0.490852 0.871243 0)
(-0.015796 0.999875 0)
(-0.493177 0.869929 0)
(-0.860674 0.509156 0)
(-0.999986 0.00533968 0)
(-0.866062 -0.499936 0)
(-0.495497 -0.868609 0)
(-0.00155741 -0.999999 0)
(0.502439 -0.864613 0)
(0.863381 -0.504553 0)
(-14.5593 -6.62771 0)
(-14.5293 -6.15491 0)
(-14.5282 -5.62984 0)
(-14.5209 -5.09825 0)
(-14.5204 -4.56242 0)
(-14.524 -4.02423 0)
(-14.5279 -3.48604 0)
(-14.5311 -2.94859 0)
(-14.5336 -2.41181 0)
(-14.5353 -1.87544 0)
(-14.5362 -1.33935 0)
(-14.5366 -0.803478 0)
(-14.5366 -0.267762 0)
(-14.5365 0.267862 0)
(-14.5364 0.803434 0)
(-14.5364 1.33893 0)
(-14.5363 1.87421 0)
(-14.5363 2.40904 0)
(-14.5367 2.94292 0)
(-14.5377 3.47504 0)
(-14.5404 4.0042 0)
(-14.5457 4.52906 0)
(-14.5529 5.04889 0)
(-14.556 5.56372 0)
(-14.5497 6.06965 0)
(-14.5339 6.56186 0)
(-14.5085 7.03825 0)
(-14.2686 -7.03517 0)
(-13.1469 -7.02916 0)
(-12.0659 -7.02717 0)
(-10.9885 -7.02968 0)
(-9.91337 -7.03302 0)
(-8.84023 -7.0353 0)
(-7.76814 -7.03616 0)
(-6.6966 -7.03643 0)
(-5.62493 -7.03618 0)
(-4.5532 -7.03518 0)
(-3.48191 -7.03463 0)
(-2.41049 -7.03481 0)
(-1.33917 -7.03535 0)
(-0.267857 -7.03818 0)
(0.804611 -7.03999 0)
(1.87644 -7.03752 0)
(2.94687 -7.03471 0)
(4.01747 -7.0344 0)
(5.08895 -7.03529 0)
(6.16075 -7.03582 0)
(7.23253 -7.03569 0)
(8.30403 -7.03554 0)
(9.37406 -7.03765 0)
(10.442 -7.04368 0)
(11.5091 -7.04276 0)
(12.5749 -7.03158 0)
(13.6361 -7.00837 0)
(-13.9944 7.08623 0)
(-13.4682 7.11638 0)
(-12.9361 7.13121 0)
(-12.4028 7.13422 0)
(-11.8694 7.13179 0)
(-11.3364 7.12749 0)
(-10.8027 7.12555 0)
(-10.2674 7.12572 0)
(-9.73113 7.12634 0)
(-9.19482 7.12672 0)
(-8.65875 7.12685 0)
(-8.12286 7.12685 0)
(-7.58704 7.12676 0)
(-7.05119 7.1266 0)
(-6.51532 7.12635 0)
(-5.97946 7.12604 0)
(-5.44368 7.12571 0)
(-4.90804 7.12545 0)
(-4.37247 7.12532 0)
(-3.83682 7.12522 0)
(-3.30097 7.12486 0)
(-2.76501 7.12402 0)
(-2.22922 7.1228 0)
(-1.69383 7.12169 0)
(-1.15878 7.12128 0)
(-0.623751 7.12179 0)
(-0.0883354 7.12283 0)
(0.447693 7.12365 0)
(0.984098 7.12361 0)
(1.52027 7.1228 0)
(2.05583 7.12206 0)
(2.59101 7.1222 0)
(3.12632 7.12323 0)
(3.66197 7.12453 0)
(4.19786 7.12558 0)
(4.73381 7.12619 0)
(5.26967 7.12647 0)
(5.80546 7.12658 0)
(6.34124 7.12665 0)
(6.87707 7.12668 0)
(7.41297 7.12662 0)
(7.94891 7.12643 0)
(8.48483 7.12614 0)
(9.0206 7.12587 0)
(9.55617 7.12577 0)
(10.0915 7.12587 0)
(10.6263 7.12609 0)
(11.1595 7.12669 0)
(11.6894 7.12826 0)
(12.2156 7.13031 0)
(12.7398 7.127 0)
(13.2564 7.11651 0)
(13.7548 7.12443 0)
(14.2933 7.1024 0)
(14.527 -6.7542 0)
(14.5409 -5.62825 0)
(14.5374 -4.55072 0)
(14.5361 -3.48023 0)
(14.5379 -2.40833 0)
(14.5371 -1.33794 0)
(14.5363 -0.267375 0)
(14.5359 0.804124 0)
(14.5352 1.87637 0)
(14.5352 2.94862 0)
(14.5349 4.02094 0)
(14.5209 5.0917 0)
(14.5108 6.13107 0)
(1.32058 0.427287 0)
(0.989887 1.05234 0)
(0.35615 1.3465 0)
(-0.250588 1.44285 0)
(-1.1105 0.90319 0)
(-1.33207 0.350791 0)
(-1.40711 -0.2469 0)
(-0.920616 -1.10404 0)
(-0.427208 -1.36719 0)
(0.48612 -1.34047 0)
(0.954632 -1.04073 0)
(1.42591 -0.181033 0)
(-12.6059 -7.02652 0)
(-13.7031 -7.02018 0)
(-11.5266 -7.02874 0)
(-10.4507 -7.03124 0)
(-9.37667 -7.03436 0)
(-8.30405 -7.03586 0)
(-7.23238 -7.03634 0)
(-6.1608 -7.03639 0)
(-5.08902 -7.03572 0)
(-4.01752 -7.03477 0)
(-2.94624 -7.03465 0)
(-1.87473 -7.03488 0)
(-0.803628 -7.03651 0)
(0.268315 -7.03965 0)
(1.34078 -7.0392 0)
(2.41177 -7.03583 0)
(3.48205 -7.03417 0)
(4.55312 -7.03484 0)
(5.62485 -7.03568 0)
(6.69662 -7.03586 0)
(7.76834 -7.03556 0)
(8.83941 -7.03603 0)
(9.90837 -7.04036 0)
(10.9763 -7.04452 0)
(12.042 -7.03858 0)
(13.1093 -7.02018 0)
(14.1153 -7.04071 0)
(14.545 -5.0849 0)
(14.5148 -6.18582 0)
(14.5351 -4.01635 0)
(14.5375 -2.94425 0)
(14.5376 -1.87317 0)
(14.5366 -0.802664 0)
(14.5361 0.268298 0)
(14.5356 1.3401 0)
(14.535 2.41247 0)
(14.5356 3.48455 0)
(14.5305 4.55748 0)
(14.5126 5.61843 0)
(14.498 6.63034 0)
(-10.724 -6.56078 0)
(-14.0717 -5.91146 0)
(-14.0435 -5.3808 0)
(-14.0367 -4.844 0)
(-14.0442 -4.30073 0)
(-14.0525 -3.75852 0)
(-14.0595 -3.2187 0)
(-14.0652 -2.68069 0)
(-14.0694 -2.14364 0)
(-14.0719 -1.60715 0)
(-14.0731 -1.07109 0)
(-14.0733 -0.535374 0)
(-14.0731 0.000155847 0)
(-14.0729 0.535621 0)
(-14.0727 1.07104 0)
(-14.0726 1.60628 0)
(-14.0724 2.14106 0)
(-14.0723 2.67481 0)
(-14.0728 3.20644 0)
(-14.075 3.7341 0)
(-14.0811 4.25498 0)
(-14.0931 4.76589 0)
(-14.1087 5.26493 0)
(-14.1077 5.75362 0)
(-14.0829 6.22156 0)
(-14.0438 6.66031 0)
(14.0725 -5.88682 0)
(-12.3515 -6.55254 0)
(14.0727 -0.534452 0)
(-9.64669 -6.56784 0)
(-11.2642 -6.5588 0)
(-8.57244 -6.57144 0)
(-7.50043 -6.57256 0)
(-6.42894 -6.57295 0)
(-5.35696 -6.5721 0)
(-4.28499 -6.56971 0)
(-3.21386 -6.56902 0)
(-2.14216 -6.56958 0)
(-1.07096 -6.57116 0)
(0.000774629 -6.5786 0)
(1.07411 -6.58025 0)
(2.14509 -6.57294 0)
(3.21425 -6.5681 0)
(4.28475 -6.569 0)
(5.35675 -6.57107 0)
(6.42887 -6.57178 0)
(7.50098 -6.57119 0)
(8.57264 -6.57102 0)
(9.64095 -6.57684 0)
(10.7037 -6.59045 0)
(11.7624 -6.58129 0)
(12.8209 -6.55535 0)
(13.969 -6.48524 0)
(14.072 0.536446 0)
(14.0684 -4.28341 0)
(-14.033 -6.50379 0)
(-11.8058 -6.55773 0)
(14.0744 -3.20863 0)
(-13.5336 6.7265 0)
(-13.0117 6.76092 0)
(-12.4869 6.76877 0)
(-11.9586 6.7649 0)
(-11.4295 6.75475 0)
(-10.8976 6.75013 0)
(-10.3622 6.75071 0)
(-9.82503 6.7522 0)
(-9.28795 6.75299 0)
(-8.7515 6.75325 0)
(-8.21547 6.75326 0)
(-7.67956 6.75312 0)
(-7.14362 6.75284 0)
(-6.60762 6.75238 0)
(-6.07159 6.75174 0)
(-5.53566 6.75099 0)
(-5 6.75035 0)
(-4.46463 6.75004 0)
(-3.92927 6.74999 0)
(-3.39356 6.74958 0)
(-2.8575 6.74811 0)
(-2.32155 6.74551 0)
(-1.78622 6.74278 0)
(-1.25157 6.74139 0)
(-0.71716 6.74214 0)
(-0.18231 6.74451 0)
(0.353624 6.74683 0)
(0.890577 6.74724 0)
(1.42745 6.74544 0)
(1.9632 6.74325 0)
(2.49808 6.74301 0)
(3.03308 6.74507 0)
(3.56863 6.74795 0)
(4.10464 6.75035 0)
(4.64077 6.75177 0)
(5.17676 6.75238 0)
(5.71261 6.75262 0)
(6.24843 6.75279 0)
(6.78433 6.75291 0)
(7.32037 6.75286 0)
(7.85651 6.75254 0)
(8.3927 6.75194 0)
(8.92872 6.75125 0)
(9.46436 6.75086 0)
(9.99959 6.75101 0)
(10.5345 6.75128 0)
(11.0676 6.75131 0)
(11.5947 6.75309 0)
(12.1137 6.75704 0)
(12.6207 6.75948 0)
(13.1305 6.72976 0)
(13.6107 6.70292 0)
(14.0456 6.78031 0)
(14.0772 -4.81626 0)
(14.0758 -2.13782 0)
(14.0706 -3.74627 0)
(14.0734 -1.06936 0)
(14.0761 -2.67293 0)
(14.0723 0.000648576 0)
(14.0745 -1.6039 0)
(14.071 1.60919 0)
(14.0698 2.68319 0)
(14.0724 3.75518 0)
(14.054 4.82946 0)
(14.0069 5.88089 0)
(14.0257 6.36213 0)
(1.60858 0.897003 0)
(0.759554 1.67307 0)
(-12.8921 -6.55307 0)
(14.1039 -5.34074 0)
(-9.10901 -6.57022 0)
(0.139447 1.86474 0)
(-0.842669 1.42579 0)
(-1.65154 0.758391 0)
(-1.82127 0.13833 0)
(-1.41126 -0.857209 0)
(-0.848119 -1.59849 0)
(0.0474692 -1.6533 0)
(0.93652 -1.52089 0)
(1.42915 -0.758416 0)
(1.82349 0.26297 0)
(-10.1849 -6.56455 0)
(-4.82087 -6.57091 0)
(-5.89303 -6.57275 0)
(-6.96476 -6.57284 0)
(-8.03635 -6.5721 0)
(-3.74941 -6.56905 0)
(-2.67814 -6.56951 0)
(-1.6064 -6.56972 0)
(-0.535451 -6.57454 0)
(0.537458 -6.58082 0)
(1.60997 -6.57699 0)
(2.67967 -6.56974 0)
(3.74923 -6.56799 0)
(4.82067 -6.57024 0)
(5.89283 -6.57163 0)
(6.96484 -6.57166 0)
(8.03692 -6.57089 0)
(9.10763 -6.57252 0)
(10.1729 -6.58406 0)
(11.2351 -6.58887 0)
(12.2901 -6.5728 0)
(13.364 -6.52743 0)
(14.0708 3.21919 0)
(14.0701 2.14621 0)
(14.0716 1.07275 0)
(14.0691 4.29198 0)
(14.0266 5.362 0)
(1.36153 1.49553 0)
(-13.4307 -6.57026 0)
(-1.44221 1.34216 0)
(-0.541403 2.02281 0)
(1.94468 -0.398337 0)
(1.42096 -1.36181 0)
(0.589647 -1.8877 0)
(-0.457797 -1.94852 0)
(-1.34778 -1.48715 0)
(-1.90066 -0.522068 0)
(-2.17103 0.58663 0)
(0.555828 2.22668 0)
(2.17282 0.754251 0)
(-12.0911 -6.08864 0)
(-13.5411 -5.14029 0)
(-13.5586 -4.5823 0)
(-13.5726 -4.03226 0)
(-13.5835 -3.48881 0)
(-13.5931 -2.94937 0)
(-13.6013 -2.41153 0)
(-13.6068 -1.87455 0)
(-13.6095 -1.33827 0)
(-13.6102 -0.802604 0)
(-13.61 -0.267289 0)
(-13.6096 0.267954 0)
(-13.6092 0.803244 0)
(-13.6089 1.33851 0)
(-13.6086 1.8735 0)
(-13.608 2.40775 0)
(-13.6076 2.94036 0)
(-13.6079 3.46966 0)
(-13.6113 3.99245 0)
(-13.622 4.50358 0)
(-13.6447 4.99645 0)
(-13.6779 5.46529 0)
(-13.6558 5.92137 0)
(-13.5945 6.32875 0)
(4.01606 -6.10162 0)
(-9.37837 -6.10413 0)
(-4.55258 -6.10508 0)
(-5.62536 -6.10905 0)
(-6.69736 -6.10951 0)
(13.6152 -2.93345 0)
(13.4998 5.64663 0)
(-7.76847 -6.10854 0)
(-8.30446 -6.10775 0)
(-7.23291 -6.10908 0)
(-9.9172 -6.09992 0)
(13.6071 1.34195 0)
(-3.48118 -6.1023 0)
(-2.40977 -6.10442 0)
(-1.33754 -6.10368 0)
(-0.266395 -6.11581 0)
(0.807487 -6.12414 0)
(1.87851 -6.11221 0)
(2.94635 -6.10091 0)
(3.48075 -6.10024 0)
(5.08851 -6.10603 0)
(6.16102 -6.10765 0)
(7.23334 -6.10708 0)
(8.30622 -6.10566 0)
(9.37675 -6.10981 0)
(10.434 -6.13558 0)
(11.4841 -6.13042 0)
(12.5199 -6.10836 0)
(13.6129 -1.86735 0)
(-5.089 -6.10746 0)
(-6.16149 -6.10961 0)
(13.6084 -0.266558 0)
(-13.0886 6.38731 0)
(-12.583 6.40037 0)
(-12.0647 6.39871 0)
(-11.5423 6.3785 0)
(-11.0128 6.36961 0)
(-10.4759 6.37142 0)
(-9.93676 6.37421 0)
(-9.39843 6.3754 0)
(-8.86141 6.37576 0)
(-8.32517 6.3758 0)
(-7.78918 6.37563 0)
(-7.25317 6.37523 0)
(-6.71706 6.37456 0)
(-6.18084 6.37355 0)
(-5.64464 6.3722 0)
(-5.10879 6.37085 0)
(-4.57359 6.37008 0)
(-4.03881 6.37018 0)
(-3.50371 6.37024 0)
(-2.96784 6.36856 0)
(-2.43179 6.36432 0)
(-1.89646 6.35896 0)
(-1.36207 6.35541 0)
(-0.828155 6.35574 0)
(-0.294103 6.35981 0)
(0.241162 6.36502 0)
(0.778407 6.36722 0)
(1.31632 6.36427 0)
(1.85263 6.35913 0)
(2.38738 6.35732 0)
(2.92221 6.36045 0)
(3.45776 6.36562 0)
(3.99396 6.37019 0)
(4.53037 6.37296 0)
(5.06657 6.37413 0)
(5.60249 6.37455 0)
(6.13834 6.37486 0)
(6.67432 6.37515 0)
(7.21047 6.37523 0)
(7.74681 6.37486 0)
(8.28333 6.37393 0)
(8.81985 6.3726 0)
(9.3559 6.3715 0)
(9.89111 6.37159 0)
(10.4261 6.37256 0)
(10.9613 6.37196 0)
(11.4919 6.37001 0)
(12.0045 6.37826 0)
(12.5101 6.37967 0)
(12.9471 6.38404 0)
(13.6105 -3.47084 0)
(-11.0011 -6.08647 0)
(13.6042 2.95585 0)
(13.7006 -5.56677 0)
(13.6013 -4.01227 0)
(13.5961 -4.55562 0)
(13.6079 0.804833 0)
(13.6091 -0.801246 0)
(13.6151 -2.40017 0)
(13.6082 0.268625 0)
(13.6105 -1.3352 0)
(13.6044 2.41811 0)
(13.6128 4.02526 0)
(13.6198 -5.09104 0)
(-8.84072 -6.10666 0)
(13.5594 5.10182 0)
(-12.6471 -6.06668 0)
(-11.5421 -6.08946 0)
(13.6059 1.87942 0)
(13.6073 3.4917 0)
(-10.4579 -6.09339 0)
(-13.1806 -6.07845 0)
(-2.94582 -6.10352 0)
(13.5541 -6.02206 0)
(13.4667 6.21774 0)
(-4.0166 -6.10294 0)
(-1.87322 -6.10351 0)
(-0.802288 -6.10786 0)
(0.270471 -6.12248 0)
(1.3436 -6.11962 0)
(2.41253 -6.10511 0)
(5.62486 -6.10704 0)
(2.36981 0.0907649 0)
(4.55206 -6.10385 0)
(6.6972 -6.1075 0)
(7.76991 -6.10615 0)
(8.84216 -6.10623 0)
(9.90854 -6.11864 0)
(10.9614 -6.14232 0)
(12.0043 -6.1118 0)
(-13.6595 -6.15181 0)
(13.0412 -6.06457 0)
(-13.5717 -5.67671 0)
(13.6018 4.56174 0)
(1.95184 1.37436 0)
(1.14023 2.05227 0)
(-1.99312 1.19112 0)
(-1.22661 1.92371 0)
(-0.00456955 2.43804 0)
(1.94093 -1.06185 0)
(1.21019 -1.93206 0)
(0.109956 -2.30305 0)
(-1.06271 -2.04919 0)
(-1.94729 -1.29174 0)
(-2.36944 -0.0822491 0)
(13.1481 -1.59867 0)
(-9.10893 -5.64108 0)
(2.67787 -5.63248 0)
(-13.0895 -4.3032 0)
(-13.1017 -3.75705 0)
(-13.1144 -3.21707 0)
(-13.1288 -2.67846 0)
(-13.1399 -2.14091 0)
(-13.1458 -1.60438 0)
(-13.1476 -1.06893 0)
(-13.1473 -0.534144 0)
(-13.1465 0.000574742 0)
(-13.1459 0.535512 0)
(-13.1455 1.07065 0)
(-13.145 1.60576 0)
(-13.1442 2.14049 0)
(-13.143 2.67425 0)
(-13.1417 3.20602 0)
(-13.1414 3.73377 0)
(-13.1456 4.25322 0)
(-13.1637 4.75658 0)
(-13.2066 5.23209 0)
(-13.2897 5.64728 0)
(-13.1648 6.01126 0)
(-8.03646 -5.6441 0)
(11.7147 -5.65525 0)
(-3.21285 -5.635 0)
(-6.4304 -5.64652 0)
(13.1424 1.61225 0)
(13.1569 -2.65555 0)
(-6.96585 -5.64583 0)
(-9.64734 -5.63697 0)
(12.9068 5.9122 0)
(-3.74768 -5.63372 0)
(8.03977 -5.6402 0)
(-1.60349 -5.6347 0)
(-0.531972 -5.64786 0)
(0.541564 -5.67175 0)
(1.61124 -5.65555 0)
(2.73162 0.637269 0)
(2.55404 -0.676071 0)
(12.723 -5.67003 0)
(5.89343 -5.64298 0)
(13.1896 -5.47633 0)
(6.96573 -5.64278 0)
(7.50241 -5.64171 0)
(4.82002 -5.63963 0)
(9.11439 -5.64087 0)
(10.1786 -5.66627 0)
(11.2061 -5.69871 0)
(13.144 0.00109946 0)
(-4.28378 -5.637 0)
(0.829597 -2.40263 0)
(2.14513 -5.6422 0)
(-12.6976 6.01883 0)
(-12.2004 6.0378 0)
(-11.69 5.99615 0)
(-11.163 5.97859 0)
(-10.6207 5.98425 0)
(-10.077 5.98932 0)
(-9.53666 5.99061 0)
(-8.99885 5.99092 0)
(-8.46228 5.99104 0)
(-7.92615 5.99087 0)
(-7.39008 5.99034 0)
(-6.85392 5.98944 0)
(-6.31755 5.98804 0)
(-5.78099 5.98592 0)
(-5.24462 5.9833 0)
(-4.70925 5.98126 0)
(-4.17521 5.98118 0)
(-3.64145 5.98254 0)
(-3.10655 5.98191 0)
(-2.5708 5.97617 0)
(-2.0357 5.96661 0)
(-1.50154 5.95858 0)
(-0.967601 5.95676 0)
(-0.43384 5.96217 0)
(0.100032 5.97246 0)
(0.636398 5.98006 0)
(1.17538 5.97702 0)
(1.7127 5.96597 0)
(2.24747 5.95945 0)
(2.78279 5.96341 0)
(3.3187 5.9721 0)
(3.85526 5.98047 0)
(4.39213 5.98582 0)
(4.92863 5.98804 0)
(5.46463 5.98871 0)
(6.00053 5.98919 0)
(6.53661 5.98977 0)
(7.0729 5.99017 0)
(7.6094 5.98995 0)
(8.14622 5.98881 0)
(8.68339 5.98666 0)
(9.22047 5.9841 0)
(9.75633 5.98304 0)
(10.2905 5.98555 0)
(10.8263 5.98777 0)
(11.3659 5.98092 0)
(11.8963 5.97202 0)
(12.3651 6.02162 0)
(-7.50101 -5.64496 0)
(1.88264 -1.81147 0)
(13.156 -3.18777 0)
(4.28302 -5.6354 0)
(13.1278 4.82001 0)
(13.1639 4.28928 0)
(13.1229 -4.27544 0)
(13.1436 1.07366 0)
(13.1443 -0.533676 0)
(13.1525 -2.12734 0)
(13.1439 0.536827 0)
(13.1455 -1.06708 0)
(13.1376 2.69345 0)
(-1.82546 1.79384 0)
(-12.994 -5.50635 0)
(-2.68808 0.482597 0)
(1.71827 1.96435 0)
(0.942593 2.52631 0)
(-5.35806 -5.64506 0)
(2.52717 1.26729 0)
(-10.7347 -5.61625 0)
(0.460772 2.8662 0)
(-0.520892 2.61312 0)
(-8.5724 -5.64295 0)
(13.0174 5.3504 0)
(-2.40439 -0.801304 0)
(-1.68551 -2.00183 0)
(-0.623282 -2.55112 0)
(-12.3826 -5.62195 0)
(-11.2847 -5.60408 0)
(13.109 -4.85039 0)
(13.1445 -3.72548 0)
(13.1402 2.15183 0)
(-2.14066 -5.6388 0)
(13.1453 3.76824 0)
(-10.1882 -5.62952 0)
(-4.82088 -5.6416 0)
(-11.8205 -5.63441 0)
(-1.05459 2.50931 0)
(3.74664 -5.63148 0)
(5.35688 -5.64201 0)
(6.4295 -5.64331 0)
(-2.5495 -1.35652 0)
(-2.67757 -5.63883 0)
(2.94278 -0.00841515 0)
(1.07715 -5.66789 0)
(0.00442425 -5.66367 0)
(-1.06769 -5.636 0)
(12.2369 -5.63053 0)
(2.40016 -1.37612 0)
(1.4903 -2.43111 0)
(8.57699 -5.63945 0)
(-5.89449 -5.64653 0)
(-0.0921839 -2.84529 0)
(3.21134 -5.62897 0)
(-13.0646 -4.8695 0)
(9.64957 -5.64827 0)
(10.6893 -5.70419 0)
(0.469254 -2.86848 0)
(13.1377 3.23391 0)
(-2.94115 -0.00501773 0)
(-2.36864 1.60856 0)
(2.30216 1.88217 0)
(1.46798 2.51804 0)
(-0.180304 3.04307 0)
(-1.31912 -2.55255 0)
(-2.3702 -2.00084 0)
(-2.51281 1.02733 0)
(-1.66729 2.41449 0)
(-2.94445 -5.16952 0)
(-12.6258 -3.48149 0)
(-12.6481 -2.94294 0)
(-12.669 -2.40478 0)
(-12.6818 -1.86811 0)
(-12.6859 -1.3333 0)
(-12.6854 -0.799743 0)
(-12.6839 -0.266168 0)
(-12.6828 0.267976 0)
(-12.6822 0.802681 0)
(-12.6817 1.33766 0)
(-12.6808 1.87257 0)
(-12.6792 2.40696 0)
(-12.677 2.94028 0)
(-12.6744 3.47184 0)
(-12.672 4.00046 0)
(-12.6763 4.52252 0)
(-12.7114 5.03231 0)
(-12.8085 5.55627 0)
(12.5624 -5.12557 0)
(1.87484 -5.18363 0)
(-3.04543 -0.980873 0)
(1.34133 -5.20698 0)
(0.278047 -5.22318 0)
(6.1625 -5.1784 0)
(-3.47717 -5.16065 0)
(1.10347 -2.92091 0)
(2.54887 -1.95457 0)
(-1.00428 -3.01084 0)
(-9.3764 -5.17426 0)
(3.285 0.560459 0)
(-6.6996 -5.18301 0)
(12.695 -2.38017 0)
(2.04915 2.48496 0)
(-2.84161 1.40488 0)
(12.6716 -3.96073 0)
(11.9273 -5.16571 0)
(-1.33319 -5.15834 0)
(-0.499137 -3.20157 0)
(-0.25782 -5.1982 0)
(3.22277 -0.607388 0)
(-2.77627 -0.472611 0)
(8.31115 -5.17277 0)
(7.77227 -5.17519 0)
(12.6796 0.268449 0)
(12.6776 1.88388 0)
(12.6692 3.52353 0)
(9.39198 -5.17515 0)
(-3.22073 -0.426857 0)
(-0.793755 -5.16813 0)
(0.811077 -5.22477 0)
(-12.3643 5.7009 0)
(-11.8931 5.60912 0)
(-11.3678 5.56683 0)
(-10.8052 5.58556 0)
(-10.2521 5.59532 0)
(-9.70938 5.59536 0)
(-9.17084 5.59513 0)
(-8.63381 5.59541 0)
(-8.09741 5.59533 0)
(-7.56125 5.59466 0)
(-7.02509 5.59347 0)
(-6.48876 5.59171 0)
(-5.95197 5.58891 0)
(-5.41479 5.58456 0)
(-4.87837 5.57969 0)
(-4.34431 5.57757 0)
(-3.8126 5.58064 0)
(-3.28031 5.58422 0)
(-2.74609 5.57913 0)
(-2.2122 5.56359 0)
(-1.67903 5.54691 0)
(-1.14416 5.53937 0)
(-0.608377 5.54382 0)
(-0.0742256 5.55937 0)
(0.458028 5.58024 0)
(0.995823 5.58421 0)
(1.53427 5.5629 0)
(2.06854 5.54299 0)
(2.60677 5.54653 0)
(3.14436 5.56017 0)
(3.68153 5.57525 0)
(4.21901 5.58584 0)
(4.75586 5.59023 0)
(5.29185 5.59124 0)
(5.82775 5.59187 0)
(6.36401 5.59291 0)
(6.90056 5.59389 0)
(7.43719 5.59413 0)
(7.97407 5.59314 0)
(8.51166 5.59044 0)
(9.05018 5.58593 0)
(9.58851 5.58134 0)
(10.1235 5.58224 0)
(10.6544 5.59322 0)
(11.1945 5.59399 0)
(11.7563 5.56255 0)
(12.3806 5.53913 0)
(4.55131 -5.17058 0)
(10.9305 -5.31621 0)
(-5.09139 -5.18063 0)
(-10.4584 -5.15454 0)
(12.6792 -0.266683 0)
(12.6795 -0.800458 0)
(-2.26778 2.22352 0)
(7.23475 -5.17708 0)
(-3.17605 0.425626 0)
(3.47553 -5.15525 0)
(-12.5669 -5.10275 0)
(-5.62856 -5.18388 0)
(1.11059 2.9747 0)
(12.669 2.97622 0)
(-1.92826 -2.5972 0)
(-8.30412 -5.17921 0)
(-11.0129 -5.1286 0)
(2.93999 -5.15337 0)
(-3.06021 0.927004 0)
(3.09817 1.17678 0)
(12.6795 1.34351 0)
(10.4659 -5.22319 0)
(12.623 -4.51497 0)
(12.6735 2.42849 0)
(12.7529 4.53234 0)
(-1.8713 -5.16928 0)
(12.6846 4.05998 0)
(-9.91443 -5.16862 0)
(12.6815 -1.3317 0)
(-11.6034 -5.08898 0)
(-0.808742 3.07522 0)
(12.7029 -2.90157 0)
(-7.23405 -5.18152 0)
(2.40756 -5.16304 0)
(-4.01357 -5.16425 0)
(11.3852 -5.21747 0)
(4.01316 -5.16338 0)
(5.62617 -5.1781 0)
(6.69826 -5.17824 0)
(-12.6064 -4.55877 0)
(8.8505 -5.17174 0)
(-7.76884 -5.18028 0)
(5.08911 -5.176 0)
(-6.16453 -5.18417 0)
(3.51527 -0.0213738 0)
(-3.00855 -1.66562 0)
(-4.55258 -5.17329 0)
(12.6865 -1.85736 0)
(1.73456 3.0915 0)
(0.739886 3.34254 0)
(3.01004 -1.34949 0)
(-3.48667 0.0155747 0)
(9.93313 -5.19 0)
(-12.6142 -4.01857 0)
(12.6797 0.805305 0)
(0.103605 -3.34521 0)
(12.6989 -3.42584 0)
(-2.83121 1.93997 0)
(-8.84002 -5.17726 0)
(-2.40893 -5.17719 0)
(2.8883 1.79983 0)
(0.197272 3.57949 0)
(-12.0961 -5.24972 0)
(-1.43269 3.0248 0)
(2.12442 -2.47018 0)
(1.74256 -2.99425 0)
(-1.53817 -3.11804 0)
(-3.56124 -1.32285 0)
(8.58428 -4.70294 0)
(3.82464 -0.516665 0)
(12.5901 4.9908 0)
(-12.1909 -2.66339 0)
(-12.2171 -2.12702 0)
(-12.2263 -1.59364 0)
(-12.2251 -1.06302 0)
(-12.2221 -0.531757 0)
(-12.22 0.000869868 0)
(-12.219 0.534716 0)
(-12.2185 1.06925 0)
(-12.2177 1.60397 0)
(-12.216 2.13847 0)
(-12.213 2.67224 0)
(-12.2094 3.20468 0)
(-12.2053 3.73619 0)
(-12.1976 4.26839 0)
(-12.1932 4.79711 0)
(-12.2589 5.2834 0)
(1.59656 -4.73779 0)
(12.2141 -5.09662e-05 0)
(-12.1332 -4.79631 0)
(0.723595 -3.39041 0)
(12.2165 -1.59371 0)
(6.43174 -4.71256 0)
(12.2161 1.07387 0)
(-0.338897 -3.75129 0)
(1.22697 3.48545 0)
(2.38813 3.02032 0)
(-8.5714 -4.7134 0)
(-0.481787 3.59133 0)
(3.74203 -4.68325 0)
(-10.1759 -4.69895 0)
(-0.50482 -4.70779 0)
(12.258 -3.12853 0)
(12.226 -2.11303 0)
(10.2417 -4.74061 0)
(-9.1067 -4.7102 0)
(12.1984 3.84207 0)
(9.6777 -4.71134 0)
(0.5499 -4.79474 0)
(2.35819 -3.07595 0)
(-1.05621 -4.67289 0)
(8.04335 -4.70684 0)
(-1.03401 -3.6037 0)
(1.06468 -4.76959 0)
(12.2151 0.536196 0)
(-6.43487 -4.72104 0)
(-11.6557 5.1036 0)
(-11.0251 5.1707 0)
(-10.4582 5.19275 0)
(-9.91688 5.1867 0)
(-9.37901 5.18447 0)
(-8.84125 5.18531 0)
(-8.30425 5.1856 0)
(-7.76793 5.18476 0)
(-7.2318 5.18313 0)
(-6.69565 5.18089 0)
(-6.1592 5.1778 0)
(-5.62162 5.17231 0)
(-5.08317 5.16319 0)
(-4.5468 5.15464 0)
(-4.01521 5.1554 0)
(-3.48799 5.16812 0)
(-2.95837 5.17218 0)
(-2.42832 5.15125 0)
(-1.8998 5.11842 0)
(-1.36383 5.09897 0)
(-0.821562 5.09777 0)
(-0.280173 5.1145 0)
(0.253103 5.14823 0)
(0.775224 5.18839 0)
(1.3124 5.16009 0)
(1.83992 5.09995 0)
(2.3905 5.10127 0)
(2.93418 5.11985 0)
(3.4721 5.1457 0)
(4.01014 5.16748 0)
(4.54713 5.17683 0)
(5.0825 5.17822 0)
(5.61814 5.17877 0)
(6.15474 5.18043 0)
(6.69188 5.1824 0)
(7.22885 5.18353 0)
(7.76549 5.18314 0)
(8.30261 5.18068 0)
(8.84165 5.17516 0)
(9.38345 5.16602 0)
(9.92563 5.15747 0)
(10.4584 5.16651 0)
(10.9748 5.20338 0)
(11.5111 5.17953 0)
(12.0464 5.07757 0)
(12.2432 -3.63784 0)
(12.0826 -4.66443 0)
(3.13327 -2.06747 0)
(-2.14288 -4.7191 0)
(-4.2837 -4.70017 0)
(12.2132 -0.534756 0)
(4.82214 -4.7077 0)
(-12.1169 -3.74678 0)
(-2.14069 2.9543 0)
(7.50447 -4.70989 0)
(-2.67588 -4.71638 0)
(12.2424 -2.62345 0)
(3.81287 0.497542 0)
(-1.10951 3.58684 0)
(-4.82612 -4.71503 0)
(-2.51435 -2.70638 0)
(-12.1327 -4.27605 0)
(2.73353 -2.56227 0)
(-5.36465 -4.72199 0)
(1.34772 -3.42879 0)
(3.20123 -4.67055 0)
(-10.716 -4.67371 0)
(12.1972 3.26918 0)
(3.6678 1.08953 0)
(-1.60894 -4.67948 0)
(12.1823 -4.14987 0)
(12.2057 2.71034 0)
(-9.64134 -4.70605 0)
(12.2135 -1.06751 0)
(2.64697 2.41892 0)
(-11.2509 -4.61998 0)
(12.213 2.15829 0)
(-6.96816 -4.71831 0)
(2.66309 -4.66978 0)
(11.5083 -4.74004 0)
(4.28249 -4.69811 0)
(5.89625 -4.71338 0)
(6.9671 -4.71196 0)
(-3.20047 -4.68135 0)
(10.8822 -4.8142 0)
(9.12774 -4.70175 0)
(-7.50178 -4.71633 0)
(5.3599 -4.71272 0)
(12.2304 4.47567 0)
(1.67754 3.65625 0)
(4.06486 -0.0138604 0)
(-11.7286 -4.56403 0)
(2.12998 -4.69563 0)
(2.1694 3.59157 0)
(12.216 1.61382 0)
(-12.1528 -3.20248 0)
(0.342848 -3.891 0)
(1.99147 -3.62873 0)
(0.0229508 -4.77282 0)
(-3.65184 0.686707 0)
(-8.03638 -4.71487 0)
(-3.49903 -1.96401 0)
(-3.73919 -4.68231 0)
(3.60702 -1.06311 0)
(-5.90077 -4.72302 0)
(-2.7632 2.56157 0)
(-2.11813 -3.19654 0)
(3.48745 1.71972 0)
(3.56719 -1.65951 0)
(0.797464 3.84569 0)
(-1.73081 3.57996 0)
(-3.71625 -0.617804 0)
(-2.98175 -2.30616 0)
(-3.38142 1.48603 0)
(-9.90347 -4.23489 0)
(3.98674 -1.37947 0)
(-11.7719 -1.84698 0)
(-11.7677 -1.32308 0)
(-11.7619 -0.795853 0)
(-11.7578 -0.265749 0)
(-11.756 0.266817 0)
(-11.7554 0.800626 0)
(-11.7549 1.33483 0)
(-11.7534 1.86897 0)
(-11.7499 2.40275 0)
(-11.7444 2.93523 0)
(-11.7399 3.4648 0)
(-11.7367 3.99384 0)
(-11.7122 4.53232 0)
(-2.76867 3.19295 0)
(-3.99721 1.24838 0)
(-0.171016 -4.27065 0)
(-0.746601 -4.18723 0)
(11.8322 -3.33133 0)
(4.01519 -4.21714 0)
(11.7537 1.34158 0)
(1.5086 -3.89452 0)
(-4.0193 -1.66998 0)
(0.774892 -4.33088 0)
(-4.02116 0.0573785 0)
(1.83699 -4.24794 0)
(6.70033 -4.24475 0)
(-5.63996 -4.26401 0)
(-7.76895 -4.24997 0)
(9.95962 -4.24874 0)
(-3.31627 2.21014 0)
(-0.794626 4.11609 0)
(7.77409 -4.24119 0)
(4.28016 0.424098 0)
(0.991716 -3.86917 0)
(2.95082 -3.13843 0)
(11.747 -0.268689 0)
(1.29914 -4.31782 0)
(0.303182 -4.39979 0)
(-6.17322 -4.26099 0)
(8.85924 -4.22795 0)
(11.751 0.804037 0)
(-11.6964 -2.90836 0)
(-11.2108 4.72879 0)
(1.33945 4.02585 0)
(-10.6722 4.78974 0)
(-10.1528 4.76297 0)
(-9.61964 4.75477 0)
(-9.07989 4.75798 0)
(-8.54115 4.75948 0)
(-8.0046 4.75836 0)
(-7.46862 4.75615 0)
(-6.93257 4.75298 0)
(-6.39675 4.7492 0)
(-5.86062 4.74453 0)
(-5.32142 4.73355 0)
(-4.77978 4.71327 0)
(-4.24259 4.70008 0)
(-3.71297 4.7139 0)
(-3.19763 4.75156 0)
(-2.67614 4.73901 0)
(-2.16581 4.67611 0)
(-1.63156 4.63319 0)
(-1.07712 4.62154 0)
(-0.516679 4.63155 0)
(0.0369643 4.67034 0)
(0.563919 4.7341 0)
(1.04039 4.81548 0)
(1.5238 4.6062 0)
(2.1348 4.62336 0)
(2.69859 4.64101 0)
(3.2352 4.67649 0)
(3.77312 4.72344 0)
(4.30931 4.74552 0)
(4.84179 4.74683 0)
(5.37616 4.74642 0)
(5.91324 4.74875 0)
(6.4517 4.75244 0)
(6.98975 4.75511 0)
(7.52632 4.75567 0)
(8.06188 4.75405 0)
(8.59876 4.74952 0)
(9.1406 4.73921 0)
(9.69097 4.72037 0)
(10.2492 4.70077 0)
(10.783 4.7399 0)
(11.24 4.84108 0)
(11.6864 4.67705 0)
(10.5246 -4.29684 0)
(-3.45185 -4.17942 0)
(-4.01357 -4.21697 0)
(11.7342 2.99329 0)
(11.7449 -1.33525 0)
(5.09612 -4.24625 0)
(-2.64844 -3.25878 0)
(-1.72845 -3.67957 0)
(4.17697 -0.935096 0)
(-1.38007 4.11897 0)
(-2.41036 -4.31346 0)
(11.767 -2.36662 0)
(3.68782 -2.21798 0)
(0.382083 4.22079 0)
(-8.83815 -4.24633 0)
(-4.56407 -4.24755 0)
(-5.10474 -4.26138 0)
(-8.3032 -4.2487 0)
(3.47 -4.19208 0)
(-10.4256 -4.23627 0)
(4.21005 0.932551 0)
(11.749 0.267437 0)
(11.7499 -1.85875 0)
(-0.198052 4.13213 0)
(-9.37266 -4.24048 0)
(3.30433 -2.65781 0)
(11.7456 -0.804295 0)
(4.40432 -0.441462 0)
(11.7491 2.43367 0)
(-10.9655 -4.18017 0)
(-6.70431 -4.25564 0)
(2.91936 -4.16942 0)
(11.6575 -4.26971 0)
(11.7143 4.13292 0)
(4.55678 -4.23734 0)
(6.16623 -4.24632 0)
(7.23545 -4.24429 0)
(-2.89478 -4.19478 0)
(11.095 -4.32248 0)
(9.40795 -4.22763 0)
(-7.23575 -4.25192 0)
(5.63197 -4.24812 0)
(-1.94939 4.14703 0)
(-11.5577 -4.05667 0)
(1.88894 4.11908 0)
(2.99423 2.97664 0)
(-3.27726 2.82496 0)
(-11.751 -2.37555 0)
(2.62431 -3.64235 0)
(4.61512 0.0695118 0)
(8.31535 -4.2354 0)
(-3.9679 -2.24543 0)
(-3.06265 -2.93361 0)
(-3.84235 1.89778 0)
(4.11235 -1.83704 0)
(-1.34663 -4.16482 0)
(11.7165 3.56265 0)
(11.7548 1.88402 0)
(-11.6331 -3.45116 0)
(2.36551 -4.17123 0)
(0.943912 4.36578 0)
(-2.40363 -3.77582 0)
(11.7992 -2.85672 0)
(-4.27864 0.647605 0)
(-4.34661 -0.47199 0)
(4.14744 1.62413 0)
(-4.14121 -1.07067 0)
(-3.49848 -2.56765 0)
(-2.34008 3.65137 0)
(-1.92432 -4.21177 0)
(11.7852 -3.81034 0)
(3.24106 2.35076 0)
(2.73829 3.57465 0)
(10.2312 -3.78541 0)
(-11.3038 -1.06068 0)
(-11.2967 -0.532965 0)
(-11.2932 -0.00140323 0)
(-11.2921 0.531802 0)
(-11.292 1.06537 0)
(-11.2913 1.5987 0)
(-11.2886 2.13176 0)
(-11.2813 2.66482 0)
(-11.2703 3.19564 0)
(-11.2686 3.71651 0)
(-11.2802 4.22193 0)
(4.29753 -3.76057 0)
(11.314 -2.63176 0)
(11.2807 -0.000617116 0)
(-11.1055 -3.641 0)
(-4.3128 -3.77806 0)
(4.47616 -1.40093 0)
(6.96724 -3.7749 0)
(-4.45136 -1.99007 0)
(-3.79646 2.53371 0)
(-9.1042 -3.77763 0)
(-11.3313 -2.08562 0)
(8.04325 -3.77058 0)
(-4.72262 -0.909683 0)
(-5.91541 -3.80518 0)
(3.20073 -3.67986 0)
(11.2091 3.84581 0)
(-11.1602 -3.10788 0)
(11.2875 1.07113 0)
(-4.34089 1.67715 0)
(-10.4128 4.3308 0)
(-9.89103 4.29927 0)
(-9.34169 4.31332 0)
(-8.79729 4.31869 0)
(-8.26068 4.31623 0)
(-7.72557 4.31329 0)
(-7.1897 4.30932 0)
(-6.65361 4.30324 0)
(-6.11927 4.29761 0)
(-5.58576 4.29325 0)
(-5.04332 4.26892 0)
(-4.49261 4.21801 0)
(-3.94601 4.21248 0)
(-3.40654 4.26428 0)
(-2.94147 4.35807 0)
(3.00239 4.14533 0)
(3.52706 4.23892 0)
(4.05842 4.30075 0)
(4.57959 4.29803 0)
(5.11003 4.29401 0)
(5.64784 4.29654 0)
(6.18895 4.3032 0)
(6.72974 4.30891 0)
(7.2675 4.31085 0)
(7.80143 4.30958 0)
(8.33342 4.3066 0)
(8.86817 4.30014 0)
(9.41346 4.28218 0)
(9.9827 4.24203 0)
(10.6272 4.17196 0)
(11.2075 4.38444 0)
(11.2751 -1.0769 0)
(11.2524 3.27239 0)
(2.44649 4.12336 0)
(-9.64155 -3.76521 0)
(-3.11984 -3.6107 0)
(11.298 2.1507 0)
(11.295 1.60775 0)
(-7.50186 -3.78364 0)
(-4.59921 0.0975926 0)
(11.2786 -0.538808 0)
(-4.55295 -1.45392 0)
(-4.85362 -3.80351 0)
(-11.2747 -2.60017 0)
(-8.03486 -3.78299 0)
(3.75318 -3.72406 0)
(-10.1703 -3.75815 0)
(4.70842 0.628657 0)
(11.2832 0.53591 0)
(11.2724 -1.61039 0)
(-3.27053 3.35706 0)
(-10.8712 4.41268 0)
(9.13846 -3.74154 0)
(5.37171 -3.783 0)
(4.73195 -0.891753 0)
(3.84064 2.28749 0)
(11.2853 2.70487 0)
(-10.6461 -3.80887 0)
(-6.44352 -3.79453 0)
(4.83639 -3.78085 0)
(11.3741 -3.09736 0)
(6.43452 -3.77544 0)
(7.50253 -3.77565 0)
(-8.56956 -3.78172 0)
(11.2809 -3.88656 0)
(9.68562 -3.74336 0)
(10.7669 -3.84866 0)
(-6.97136 -3.78653 0)
(5.90318 -3.77888 0)
(-11.3165 -1.57954 0)
(3.58326 2.90416 0)
(-2.48499 4.22504 0)
(3.35605 3.58779 0)
(-3.75006 -3.71214 0)
(11.2813 -2.13157 0)
(4.98791 -0.352533 0)
(-4.32253 2.2372 0)
(8.5888 -3.75797 0)
(4.20816 -2.33764 0)
(4.69676 1.21535 0)
(-5.38416 -3.80786 0)
(-4.41794 -2.50938 0)
(-3.9726 -2.7884 0)
(-3.75509 3.1583 0)
(-2.96492 3.82507 0)
(-4.60787 1.18372 0)
(3.84472 -2.75845 0)
(-4.94287 -0.379277 0)
(11.4528 -3.51113 0)
(3.51069 -3.20706 0)
(-10.8375 -0.805265 0)
(4.16909 2.84343 0)
(-10.8312 -0.2713 0)
(-10.8288 0.262436 0)
(-10.8286 0.79578 0)
(-10.8289 1.32821 0)
(-10.8279 1.85955 0)
(-10.8234 2.39071 0)
(-10.808 2.92539 0)
(-10.7816 3.46149 0)
(-10.7993 3.96912 0)
(8.31031 -3.29778 0)
(-4.62187 -3.35483 0)
(10.813 0.270713 0)
(5.19543 0.843286 0)
(4.70214 -1.94113 0)
(-7.76563 -3.31504 0)
(-8.83509 -3.31249 0)
(-4.25787 2.87605 0)
(10.8446 1.86831 0)
(-5.6624 -3.35866 0)
(10.8261 1.33698 0)
(-10.5472 -3.27274 0)
(-4.86241 0.631275 0)
(-3.57177 -3.16176 0)
(-9.61394 3.85545 0)
(-9.05778 3.87228 0)
(-8.52437 3.86355 0)
(-7.99239 3.85837 0)
(-7.458 3.85534 0)
(-6.9211 3.84792 0)
(-6.38414 3.83486 0)
(-5.85439 3.82903 0)
(-5.33361 3.83714 0)
(-4.79103 3.76877 0)
(-4.21439 3.60211 0)
(4.58679 -3.31548 0)
(-9.36727 -3.31173 0)
(3.82815 3.87223 0)
(4.30189 3.8384 0)
(4.82431 3.8254 0)
(5.36575 3.82541 0)
(5.91203 3.83665 0)
(6.45822 3.84883 0)
(6.99994 3.85415 0)
(7.53406 3.85189 0)
(8.06126 3.84758 0)
(8.58489 3.84496 0)
(9.11118 3.83884 0)
(9.65008 3.80881 0)
(10.2065 3.72621 0)
(10.7459 3.53949 0)
(-6.70904 -3.31971 0)
(5.1542 0.233659 0)
(10.7936 -1.90137 0)
(10.8119 -0.268894 0)
(5.02085 -1.385 0)
(-5.13281 -3.35097 0)
(4.765 1.81342 0)
(10.8158 0.806335 0)
(4.05231 -3.27311 0)
(-9.92547 -3.27107 0)
(-4.09239 -3.30671 0)
(4.43463 2.30115 0)
(5.64322 -3.31057 0)
(10.8119 -2.43523 0)
(-4.85586 -2.29614 0)
(7.23147 -3.30409 0)
(10.884 -2.94783 0)
(-6.18595 -3.3385 0)
(5.11733 -3.32304 0)
(10.8082 -0.811457 0)
(-4.8976 1.8236 0)
(6.69987 -3.3007 0)
(7.76691 -3.3076 0)
(-8.29994 -3.31642 0)
(6.17051 -3.30192 0)
(-10.8751 -1.84259 0)
(4.35929 -2.84657 0)
(10.5204 -3.33905 0)
(10.8195 2.96542 0)
(5.29306 -0.842969 0)
(5.20885 1.42261 0)
(8.8634 -3.26811 0)
(10.8497 2.40944 0)
(-10.725 -2.72044 0)
(-10.2354 3.78427 0)
(-3.60632 3.74892 0)
(-10.8499 -1.33396 0)
(-7.23503 -3.31337 0)
(10.8002 -1.3568 0)
(-5.09496 -1.29955 0)
(-4.86985 -2.85555 0)
(-5.17738 0.131661 0)
(11.0182 -3.4345 0)
(4.65034 -2.4681 0)
(9.98179 -3.2464 0)
(-4.78063 2.55926 0)
(9.42663 -3.2277 0)
(-5.30199 -0.800773 0)
(5.90567 -2.82354 0)
(3.95045 3.38065 0)
(-10.3657 -0.00787206 0)
(-10.3642 0.526581 0)
(-10.3657 1.05783 0)
(-10.3662 1.58826 0)
(-10.3648 2.11481 0)
(-10.3606 2.64076 0)
(-10.3265 3.1841 0)
(-10.9287 -2.29492 0)
(5.69105 1.0952 0)
(5.3176 -1.8678 0)
(4.5063 3.34546 0)
(10.3415 3.18831 0)
(10.3417 0.547042 0)
(-10.101 -2.65916 0)
(-10.4038 -1.64202 0)
(-5.20952 1.14307 0)
(10.3432 0.00662047 0)
(7.49213 -2.83501 0)
(-9.83216 3.38132 0)
(-4.40033 -2.96195 0)
(-8.7857 3.40841 0)
(-8.26266 3.39488 0)
(-7.73151 3.39524 0)
(-7.19662 3.39274 0)
(-6.65661 3.37586 0)
(-6.11228 3.34307 0)
(-5.58814 3.35006 0)
(-5.12142 3.41388 0)
(-9.10217 -2.83576 0)
(-4.94774 -1.79889 0)
(10.3558 -2.79696 0)
(10.3181 -1.64867 0)
(5.06591 3.34128 0)
(5.62635 3.35355 0)
(6.18135 3.37808 0)
(6.73062 3.39401 0)
(7.26788 3.39077 0)
(7.79301 3.37945 0)
(8.30917 3.3732 0)
(8.81735 3.37661 0)
(9.32287 3.37807 0)
(9.83731 3.32858 0)
(-5.22197 -2.54176 0)
(-4.70273 3.18453 0)
(-5.41711 -2.93225 0)
(-6.44546 -2.85344 0)
(10.3705 1.60205 0)
(-10.3843 -1.09039 0)
(5.26378 1.93516 0)
(-9.59916 -2.86767 0)
(-9.30007 3.43854 0)
(6.96232 -2.8235 0)
(-7.49606 -2.84002 0)
(4.87487 -2.87487 0)
(5.6557 -0.251653 0)
(8.56854 -2.8223 0)
(-5.44857 -1.66619 0)
(-6.96768 -2.83465 0)
(10.3013 -2.22592 0)
(5.10875 -2.38115 0)
(-5.32965 -2.11997 0)
(-5.92962 -2.89627 0)
(10.3424 -0.536866 0)
(8.02473 -2.84412 0)
(-8.02793 -2.85047 0)
(6.4336 -2.81815 0)
(-5.31276 2.31727 0)
(10.3356 -1.08697 0)
(-10.4684 -2.19792 0)
(4.74742 2.84678 0)
(5.69339 0.463623 0)
(-5.63776 -1.1996 0)
(5.57782 -1.35047 0)
(5.68986 1.67545 0)
(5.01816 2.37139 0)
(10.3442 1.0817 0)
(-10.3727 -0.545579 0)
(-5.38384 0.603635 0)
(9.1314 -2.75048 0)
(-8.56487 -2.84899 0)
(5.38391 -2.84368 0)
(-5.53979 -0.300061 0)
(-5.22003 2.91878 0)
(10.4144 2.11971 0)
(-5.59613 1.6362 0)
(-9.90498 -0.278803 0)
(-9.9003 0.788177 0)
(-9.90506 1.31916 0)
(-9.90203 1.84512 0)
(-9.90182 2.36026 0)
(-9.91102 2.8635 0)
(6.16399 1.37291 0)
(5.87848 -1.83167 0)
(9.86462 0.832665 0)
(9.75799 -2.62632 0)
(-5.86376 0.877572 0)
(5.81908 -0.858787 0)
(6.16306 -2.32597 0)
(-6.16847 -2.39923 0)
(-8.00543 2.92809 0)
(-7.47477 2.93588 0)
(-6.94444 2.93216 0)
(-6.39978 2.89166 0)
(-5.79912 2.78141 0)
(-8.83308 -2.37837 0)
(5.33451 2.85407 0)
(5.9051 2.88726 0)
(6.46567 2.93549 0)
(7.00652 2.93777 0)
(7.53001 2.91191 0)
(8.04546 2.89183 0)
(8.55153 2.88808 0)
(9.03623 2.91071 0)
(-5.66528 -2.48467 0)
(10.4148 2.65249 0)
(7.75029 -2.37264 0)
(-9.94022 -1.38881 0)
(5.65132 2.32309 0)
(-9.96105 -1.99078 0)
(-6.69225 -2.34094 0)
(7.22408 -2.34674 0)
(-9.0561 2.96207 0)
(5.63026 -2.34314 0)
(9.82429 -1.94815 0)
(9.87083 0.287553 0)
(-9.50725 3.04992 0)
(-9.89712 0.25768 0)
(9.8731 -0.254701 0)
(9.87273 -0.801304 0)
(-7.22794 -2.34862 0)
(-7.75767 -2.37444 0)
(6.69514 -2.32879 0)
(6.23993 0.109729 0)
(6.13983 -1.30005 0)
(-5.89288 -0.736286 0)
(-5.91104 -1.5808 0)
(6.20345 0.769174 0)
(-8.54212 2.91972 0)
(8.79154 -2.33861 0)
(9.98062 2.857 0)
(-8.28575 -2.39458 0)
(-5.76102 0.230014 0)
(9.50597 2.9405 0)
(6.12284 1.93944 0)
(-5.79623 2.19458 0)
(-9.92324 -0.824491 0)
(9.85737 1.37704 0)
(-9.45002 -2.31825 0)
(9.86026 -1.36069 0)
(-5.82634 -2.02335 0)
(6.3562 -0.635592 0)
(8.26607 -2.39544 0)
(9.93478 1.87 0)
(9.40071 0.56895 0)
(-9.42552 0.520635 0)
(10.0282 2.36352 0)
(-9.44816 1.57919 0)
(-9.42632 2.10624 0)
(-9.43984 2.60483 0)
(-9.45211 -0.549558 0)
(-6.20136 -1.20403 0)
(-7.74051 2.47016 0)
(9.31169 -2.18852 0)
(6.42332 -1.81724 0)
(-6.15946 1.34604 0)
(-9.49745 -1.67737 0)
(6.75181 0.486787 0)
(-7.22523 2.48361 0)
(-6.72329 2.47924 0)
(-6.22545 2.39154 0)
(-9.48874 -1.09789 0)
(-8.01811 -1.92355 0)
(-6.33708 0.356457 0)
(6.75825 2.50858 0)
(7.26695 2.45367 0)
(7.78069 2.40907 0)
(8.30341 2.38994 0)
(8.8166 2.38686 0)
(-6.14971 1.84546 0)
(-8.88426 2.40892 0)
(-8.51845 -1.95658 0)
(-6.37879 -1.81121 0)
(7.49547 -1.87896 0)
(-9.44368 1.04949 0)
(-9.42678 -0.0109672 0)
(-6.14012 -0.220368 0)
(9.39529 0.0289431 0)
(9.40238 -0.5082 0)
(6.68573 1.09967 0)
(-6.9653 -1.82885 0)
(-7.50302 -1.87492 0)
(6.96044 -1.83726 0)
(8.47678 -1.98594 0)
(9.40512 -1.05531 0)
(8.01756 -1.92065 0)
(6.22127 2.46809 0)
(-9.03211 -1.88929 0)
(-8.27454 2.45204 0)
(9.38186 -1.61193 0)
(6.60512 1.65967 0)
(9.26747 2.46466 0)
(9.26988 1.80765 0)
(9.37635 1.1372 0)
(8.90163 -1.81096 0)
(6.68879 -1.28934 0)
(-6.5409 0.930086 0)
(6.82693 -0.158749 0)
(-8.99025 1.8377 0)
(-6.49635 -0.706812 0)
(-7.96834 1.9884 0)
(-7.80289 -1.42926 0)
(6.53857 2.12357 0)
(8.86825 1.38268 0)
(-6.98264 2.03724 0)
(-6.54755 2.05165 0)
(-8.9353 0.25409 0)
(-8.70584 -1.55846 0)
(7.49338 1.92159 0)
(8.03062 1.89535 0)
(8.60416 1.89033 0)
(9.61773 2.17954 0)
(-8.27816 -1.48881 0)
(7.24834 0.86062 0)
(-9.07811 -1.34789 0)
(-6.75003 -1.26274 0)
(-7.47133 2.02104 0)
(8.94346 -0.750862 0)
(-8.9586 0.789857 0)
(6.98607 2.02217 0)
(8.91854 0.309893 0)
(8.90224 -0.22145 0)
(6.99266 -0.789936 0)
(-7.28708 -1.34019 0)
(7.24199 -1.36227 0)
(8.95019 0.830365 0)
(7.13056 1.47302 0)
(7.31608 0.226819 0)
(-9.00986 1.30588 0)
(-8.4817 1.97701 0)
(-9.01541 -0.820236 0)
(-6.67682 1.53865 0)
(8.93839 -1.29463 0)
(8.39154 -1.48982 0)
(9.67515 2.56774 0)
(-8.95681 -0.28696 0)
(-6.74837 -0.137173 0)
(7.79593 -1.43202 0)
(-6.93693 0.45955 0)
(-7.19367 1.61812 0)
(7.71238 1.30977 0)
(-7.15391 -0.673248 0)
(-8.17411 1.5018 0)
(7.54231 -0.929257 0)
(-8.49707 -0.592418 0)
(8.30755 1.44371 0)
(8.54656 -1.00294 0)
(-8.43309 -0.033543 0)
(-8.43877 0.545568 0)
(-7.66352 1.50305 0)
(8.39248 0.0974576 0)
(-8.51041 1.0855 0)
(-8.61341 -1.10953 0)
(7.84366 0.554567 0)
(7.37973 -0.37071 0)
(-7.3624 -0.00564673 0)
(-8.63022 1.54296 0)
(8.07839 -0.99586 0)
(8.37901 -0.48728 0)
(8.46219 0.599383 0)
(-7.63978 -0.946701 0)
(8.55466 1.04741 0)
(-7.19657 1.06917 0)
(7.85199 -0.563163 0)
(-7.47503 0.553815 0)
(-7.87778 -0.403604 0)
(-8.12308 -0.981678 0)
(-7.92908 0.259563 0)
(7.86059 -0.0655129 0)
(-7.91705 0.93508 0)
(8.14008 0.980881 0)
(-15 -6.96429 1)
(-15 -7.5 1)
(-14.4643 -7.5 1)
(-15 -6.42857 1)
(-14.5593 -6.62771 1)
(-15 -5.89286 1)
(-14.5293 -6.15491 1)
(-15 -5.35714 1)
(-14.5282 -5.62984 1)
(-15 -4.82143 1)
(-14.5209 -5.09825 1)
(-15 -4.28571 1)
(-14.5204 -4.56242 1)
(-15 -3.75 1)
(-14.524 -4.02423 1)
(-15 -3.21429 1)
(-14.5279 -3.48604 1)
(-15 -2.67857 1)
(-14.5311 -2.94859 1)
(-15 -2.14286 1)
(-14.5336 -2.41181 1)
(-15 -1.60714 1)
(-14.5353 -1.87544 1)
(-15 -1.07143 1)
(-14.5362 -1.33935 1)
(-15 -0.535714 1)
(-14.5366 -0.803478 1)
(-15 1.42997e-13 1)
(-14.5366 -0.267762 1)
(-15 0.535714 1)
(-14.5365 0.267862 1)
(-15 1.07143 1)
(-14.5364 0.803434 1)
(-15 1.60714 1)
(-14.5364 1.33893 1)
(-15 2.14286 1)
(-14.5363 1.87421 1)
(-15 2.67857 1)
(-14.5363 2.40904 1)
(-15 3.21429 1)
(-14.5367 2.94292 1)
(-15 3.75 1)
(-14.5377 3.47504 1)
(-15 4.28571 1)
(-14.5404 4.0042 1)
(-15 4.82143 1)
(-14.5457 4.52906 1)
(-15 5.35714 1)
(-14.5529 5.04889 1)
(-15 5.89286 1)
(-14.556 5.56372 1)
(-15 6.42857 1)
(-14.5497 6.06965 1)
(-15 6.96429 1)
(-14.5339 6.56186 1)
(-15 7.5 1)
(-14.5085 7.03825 1)
(-14.4643 7.5 1)
(-13.9286 -7.5 1)
(-14.2686 -7.03517 1)
(-13.3929 -7.5 1)
(-12.8571 -7.5 1)
(-13.1469 -7.02916 1)
(-12.3214 -7.5 1)
(-11.7857 -7.5 1)
(-12.0659 -7.02717 1)
(-11.25 -7.5 1)
(-10.7143 -7.5 1)
(-10.9885 -7.02968 1)
(-10.1786 -7.5 1)
(-9.64286 -7.5 1)
(-9.91337 -7.03302 1)
(-9.10714 -7.5 1)
(-8.57143 -7.5 1)
(-8.84023 -7.0353 1)
(-8.03571 -7.5 1)
(-7.5 -7.5 1)
(-7.76814 -7.03616 1)
(-6.96429 -7.5 1)
(-6.42857 -7.5 1)
(-6.6966 -7.03643 1)
(-5.89286 -7.5 1)
(-5.35714 -7.5 1)
(-5.62493 -7.03618 1)
(-4.82143 -7.5 1)
(-4.28571 -7.5 1)
(-4.5532 -7.03518 1)
(-3.75 -7.5 1)
(-3.21429 -7.5 1)
(-3.48191 -7.03463 1)
(-2.67857 -7.5 1)
(-2.14286 -7.5 1)
(-2.41049 -7.03481 1)
(-1.60714 -7.5 1)
(-1.07143 -7.5 1)
(-1.33917 -7.03535 1)
(-0.535714 -7.5 1)
(2.85993e-13 -7.5 1)
(-0.267857 -7.03818 1)
(0.535714 -7.5 1)
(1.07143 -7.5 1)
(0.804611 -7.03999 1)
(1.60714 -7.5 1)
(2.14286 -7.5 1)
(1.87644 -7.03752 1)
(2.67857 -7.5 1)
(3.21429 -7.5 1)
(2.94687 -7.03471 1)
(3.75 -7.5 1)
(4.28571 -7.5 1)
(4.01747 -7.0344 1)
(4.82143 -7.5 1)
(5.35714 -7.5 1)
(5.08895 -7.03529 1)
(5.89286 -7.5 1)
(6.42857 -7.5 1)
(6.16075 -7.03582 1)
(6.96429 -7.5 1)
(7.5 -7.5 1)
(7.23253 -7.03569 1)
(8.03571 -7.5 1)
(8.57143 -7.5 1)
(8.30403 -7.03554 1)
(9.10714 -7.5 1)
(9.64286 -7.5 1)
(9.37406 -7.03765 1)
(10.1786 -7.5 1)
(10.7143 -7.5 1)
(10.442 -7.04368 1)
(11.25 -7.5 1)
(11.7857 -7.5 1)
(11.5091 -7.04276 1)
(12.3214 -7.5 1)
(12.8571 -7.5 1)
(12.5749 -7.03158 1)
(13.3929 -7.5 1)
(13.9286 -7.5 1)
(13.6361 -7.00837 1)
(14.4643 -7.5 1)
(15 -7.5 1)
(15 -6.96429 1)
(-13.9286 7.5 1)
(-13.9944 7.08623 1)
(-13.3929 7.5 1)
(-13.4682 7.11638 1)
(-12.8571 7.5 1)
(-12.9361 7.13121 1)
(-12.3214 7.5 1)
(-12.4028 7.13422 1)
(-11.7857 7.5 1)
(-11.8694 7.13179 1)
(-11.25 7.5 1)
(-11.3364 7.12749 1)
(-10.7143 7.5 1)
(-10.8027 7.12555 1)
(-10.1786 7.5 1)
(-10.2674 7.12572 1)
(-9.64286 7.5 1)
(-9.73113 7.12634 1)
(-9.10714 7.5 1)
(-9.19482 7.12672 1)
(-8.57143 7.5 1)
(-8.65875 7.12685 1)
(-8.03571 7.5 1)
(-8.12286 7.12685 1)
(-7.5 7.5 1)
(-7.58704 7.12676 1)
(-6.96429 7.5 1)
(-7.05119 7.1266 1)
(-6.42857 7.5 1)
(-6.51532 7.12635 1)
(-5.89286 7.5 1)
(-5.97946 7.12604 1)
(-5.35714 7.5 1)
(-5.44368 7.12571 1)
(-4.82143 7.5 1)
(-4.90804 7.12545 1)
(-4.28571 7.5 1)
(-4.37247 7.12532 1)
(-3.75 7.5 1)
(-3.83682 7.12522 1)
(-3.21429 7.5 1)
(-3.30097 7.12486 1)
(-2.67857 7.5 1)
(-2.76501 7.12402 1)
(-2.14286 7.5 1)
(-2.22922 7.1228 1)
(-1.60714 7.5 1)
(-1.69383 7.12169 1)
(-1.07143 7.5 1)
(-1.15878 7.12128 1)
(-0.535714 7.5 1)
(-0.623751 7.12179 1)
(2.85993e-13 7.5 1)
(-0.0883354 7.12283 1)
(0.535714 7.5 1)
(0.447693 7.12365 1)
(1.07143 7.5 1)
(0.984098 7.12361 1)
(1.60714 7.5 1)
(1.52027 7.1228 1)
(2.14286 7.5 1)
(2.05583 7.12206 1)
(2.67857 7.5 1)
(2.59101 7.1222 1)
(3.21429 7.5 1)
(3.12632 7.12323 1)
(3.75 7.5 1)
(3.66197 7.12453 1)
(4.28571 7.5 1)
(4.19786 7.12558 1)
(4.82143 7.5 1)
(4.73381 7.12619 1)
(5.35714 7.5 1)
(5.26967 7.12647 1)
(5.89286 7.5 1)
(5.80546 7.12658 1)
(6.42857 7.5 1)
(6.34124 7.12665 1)
(6.96429 7.5 1)
(6.87707 7.12668 1)
(7.5 7.5 1)
(7.41297 7.12662 1)
(8.03571 7.5 1)
(7.94891 7.12643 1)
(8.57143 7.5 1)
(8.48483 7.12614 1)
(9.10714 7.5 1)
(9.0206 7.12587 1)
(9.64286 7.5 1)
(9.55617 7.12577 1)
(10.1786 7.5 1)
(10.0915 7.12587 1)
(10.7143 7.5 1)
(10.6263 7.12609 1)
(11.25 7.5 1)
(11.1595 7.12669 1)
(11.7857 7.5 1)
(11.6894 7.12826 1)
(12.3214 7.5 1)
(12.2156 7.13031 1)
(12.8571 7.5 1)
(12.7398 7.127 1)
(13.3929 7.5 1)
(13.2564 7.11651 1)
(13.9286 7.5 1)
(13.7548 7.12443 1)
(14.4643 7.5 1)
(14.2933 7.1024 1)
(15 7.5 1)
(15 6.96429 1)
(15 -6.42857 1)
(14.527 -6.7542 1)
(15 -5.89286 1)
(15 -5.35714 1)
(14.5409 -5.62825 1)
(15 -4.82143 1)
(15 -4.28571 1)
(14.5374 -4.55072 1)
(15 -3.75 1)
(15 -3.21429 1)
(14.5361 -3.48023 1)
(15 -2.67857 1)
(15 -2.14286 1)
(14.5379 -2.40833 1)
(15 -1.60714 1)
(15 -1.07143 1)
(14.5371 -1.33794 1)
(15 -0.535714 1)
(15 1.42997e-13 1)
(14.5363 -0.267375 1)
(15 0.535714 1)
(15 1.07143 1)
(14.5359 0.804124 1)
(15 1.60714 1)
(15 2.14286 1)
(14.5352 1.87637 1)
(15 2.67857 1)
(15 3.21429 1)
(14.5352 2.94862 1)
(15 3.75 1)
(15 4.28571 1)
(14.5349 4.02094 1)
(15 4.82143 1)
(15 5.35714 1)
(14.5209 5.0917 1)
(15 5.89286 1)
(15 6.42857 1)
(14.5108 6.13107 1)
(0.863381 0.504553 1)
(1 0 1)
(1.32058 0.427287 1)
(0.490852 0.871243 1)
(0.989887 1.05234 1)
(-0.015796 0.999875 1)
(0.35615 1.3465 1)
(-0.493177 0.869929 1)
(-0.250588 1.44285 1)
(-0.860674 0.509156 1)
(-1.1105 0.90319 1)
(-0.999986 0.00533968 1)
(-1.33207 0.350791 1)
(-0.866062 -0.499936 1)
(-1.40711 -0.2469 1)
(-0.495497 -0.868609 1)
(-0.920616 -1.10404 1)
(-0.00155741 -0.999999 1)
(-0.427208 -1.36719 1)
(0.502439 -0.864613 1)
(0.48612 -1.34047 1)
(0.863381 -0.504553 1)
(0.954632 -1.04073 1)
(1.42591 -0.181033 1)
(-12.6059 -7.02652 1)
(-13.7031 -7.02018 1)
(-11.5266 -7.02874 1)
(-10.4507 -7.03124 1)
(-9.37667 -7.03436 1)
(-8.30405 -7.03586 1)
(-7.23238 -7.03634 1)
(-6.1608 -7.03639 1)
(-5.08902 -7.03572 1)
(-4.01752 -7.03477 1)
(-2.94624 -7.03465 1)
(-1.87473 -7.03488 1)
(-0.803628 -7.03651 1)
(0.268315 -7.03965 1)
(1.34078 -7.0392 1)
(2.41177 -7.03583 1)
(3.48205 -7.03417 1)
(4.55312 -7.03484 1)
(5.62485 -7.03568 1)
(6.69662 -7.03586 1)
(7.76834 -7.03556 1)
(8.83941 -7.03603 1)
(9.90837 -7.04036 1)
(10.9763 -7.04452 1)
(12.042 -7.03858 1)
(13.1093 -7.02018 1)
(14.1153 -7.04071 1)
(14.545 -5.0849 1)
(14.5148 -6.18582 1)
(14.5351 -4.01635 1)
(14.5375 -2.94425 1)
(14.5376 -1.87317 1)
(14.5366 -0.802664 1)
(14.5361 0.268298 1)
(14.5356 1.3401 1)
(14.535 2.41247 1)
(14.5356 3.48455 1)
(14.5305 4.55748 1)
(14.5126 5.61843 1)
(14.498 6.63034 1)
(-0.842669 1.42579 1)
(-1.41126 -0.857209 1)
(0.0474692 -1.6533 1)
(1.42915 -0.758416 1)
(-10.724 -6.56078 1)
(-14.0717 -5.91146 1)
(-14.0435 -5.3808 1)
(-14.0367 -4.844 1)
(-14.0442 -4.30073 1)
(-14.0525 -3.75852 1)
(-14.0595 -3.2187 1)
(-14.0652 -2.68069 1)
(-14.0694 -2.14364 1)
(-14.0719 -1.60715 1)
(-14.0731 -1.07109 1)
(-14.0733 -0.535374 1)
(-14.0731 0.000155847 1)
(-14.0729 0.535621 1)
(-14.0727 1.07104 1)
(-14.0726 1.60628 1)
(-14.0724 2.14106 1)
(-14.0723 2.67481 1)
(-14.0728 3.20644 1)
(-14.075 3.7341 1)
(-14.0811 4.25498 1)
(-14.0931 4.76589 1)
(-14.1087 5.26493 1)
(-14.1077 5.75362 1)
(-14.0829 6.22156 1)
(-14.0438 6.66031 1)
(14.0725 -5.88682 1)
(-12.3515 -6.55254 1)
(14.0727 -0.534452 1)
(-9.64669 -6.56784 1)
(-11.2642 -6.5588 1)
(-8.57244 -6.57144 1)
(-7.50043 -6.57256 1)
(-6.42894 -6.57295 1)
(-5.35696 -6.5721 1)
(-4.28499 -6.56971 1)
(-3.21386 -6.56902 1)
(-2.14216 -6.56958 1)
(-1.07096 -6.57116 1)
(0.000774629 -6.5786 1)
(1.07411 -6.58025 1)
(2.14509 -6.57294 1)
(3.21425 -6.5681 1)
(4.28475 -6.569 1)
(5.35675 -6.57107 1)
(6.42887 -6.57178 1)
(7.50098 -6.57119 1)
(8.57264 -6.57102 1)
(9.64095 -6.57684 1)
(10.7037 -6.59045 1)
(11.7624 -6.58129 1)
(12.8209 -6.55535 1)
(13.969 -6.48524 1)
(14.072 0.536446 1)
(14.0684 -4.28341 1)
(-14.033 -6.50379 1)
(-11.8058 -6.55773 1)
(14.0744 -3.20863 1)
(-13.5336 6.7265 1)
(-13.0117 6.76092 1)
(-12.4869 6.76877 1)
(-11.9586 6.7649 1)
(-11.4295 6.75475 1)
(-10.8976 6.75013 1)
(-10.3622 6.75071 1)
(-9.82503 6.7522 1)
(-9.28795 6.75299 1)
(-8.7515 6.75325 1)
(-8.21547 6.75326 1)
(-7.67956 6.75312 1)
(-7.14362 6.75284 1)
(-6.60762 6.75238 1)
(-6.07159 6.75174 1)
(-5.53566 6.75099 1)
(-5 6.75035 1)
(-4.46463 6.75004 1)
(-3.92927 6.74999 1)
(-3.39356 6.74958 1)
(-2.8575 6.74811 1)
(-2.32155 6.74551 1)
(-1.78622 6.74278 1)
(-1.25157 6.74139 1)
(-0.71716 6.74214 1)
(-0.18231 6.74451 1)
(0.353624 6.74683 1)
(0.890577 6.74724 1)
(1.42745 6.74544 1)
(1.9632 6.74325 1)
(2.49808 6.74301 1)
(3.03308 6.74507 1)
(3.56863 6.74795 1)
(4.10464 6.75035 1)
(4.64077 6.75177 1)
(5.17676 6.75238 1)
(5.71261 6.75262 1)
(6.24843 6.75279 1)
(6.78433 6.75291 1)
(7.32037 6.75286 1)
(7.85651 6.75254 1)
(8.3927 6.75194 1)
(8.92872 6.75125 1)
(9.46436 6.75086 1)
(9.99959 6.75101 1)
(10.5345 6.75128 1)
(11.0676 6.75131 1)
(11.5947 6.75309 1)
(12.1137 6.75704 1)
(12.6207 6.75948 1)
(13.1305 6.72976 1)
(13.6107 6.70292 1)
(14.0456 6.78031 1)
(14.0772 -4.81626 1)
(14.0758 -2.13782 1)
(14.0706 -3.74627 1)
(14.0734 -1.06936 1)
(14.0761 -2.67293 1)
(14.0723 0.000648576 1)
(14.0745 -1.6039 1)
(14.071 1.60919 1)
(14.0698 2.68319 1)
(14.0724 3.75518 1)
(14.054 4.82946 1)
(14.0069 5.88089 1)
(14.0257 6.36213 1)
(1.60858 0.897003 1)
(0.759554 1.67307 1)
(-12.8921 -6.55307 1)
(14.1039 -5.34074 1)
(-9.10901 -6.57022 1)
(0.139447 1.86474 1)
(-1.65154 0.758391 1)
(-1.82127 0.13833 1)
(-0.848119 -1.59849 1)
(0.93652 -1.52089 1)
(1.82349 0.26297 1)
(-10.1849 -6.56455 1)
(-4.82087 -6.57091 1)
(-5.89303 -6.57275 1)
(-6.96476 -6.57284 1)
(-8.03635 -6.5721 1)
(-3.74941 -6.56905 1)
(-2.67814 -6.56951 1)
(-1.6064 -6.56972 1)
(-0.535451 -6.57454 1)
(0.537458 -6.58082 1)
(1.60997 -6.57699 1)
(2.67967 -6.56974 1)
(3.74923 -6.56799 1)
(4.82067 -6.57024 1)
(5.89283 -6.57163 1)
(6.96484 -6.57166 1)
(8.03692 -6.57089 1)
(9.10763 -6.57252 1)
(10.1729 -6.58406 1)
(11.2351 -6.58887 1)
(12.2901 -6.5728 1)
(13.364 -6.52743 1)
(14.0708 3.21919 1)
(14.0701 2.14621 1)
(14.0716 1.07275 1)
(14.0691 4.29198 1)
(14.0266 5.362 1)
(1.36153 1.49553 1)
(-13.4307 -6.57026 1)
(-1.44221 1.34216 1)
(-0.541403 2.02281 1)
(1.94468 -0.398337 1)
(1.42096 -1.36181 1)
(0.589647 -1.8877 1)
(-0.457797 -1.94852 1)
(-1.34778 -1.48715 1)
(-1.90066 -0.522068 1)
(-2.17103 0.58663 1)
(0.555828 2.22668 1)
(2.17282 0.754251 1)
(-12.0911 -6.08864 1)
(-13.5411 -5.14029 1)
(-13.5586 -4.5823 1)
(-13.5726 -4.03226 1)
(-13.5835 -3.48881 1)
(-13.5931 -2.94937 1)
(-13.6013 -2.41153 1)
(-13.6068 -1.87455 1)
(-13.6095 -1.33827 1)
(-13.6102 -0.802604 1)
(-13.61 -0.267289 1)
(-13.6096 0.267954 1)
(-13.6092 0.803244 1)
(-13.6089 1.33851 1)
(-13.6086 1.8735 1)
(-13.608 2.40775 1)
(-13.6076 2.94036 1)
(-13.6079 3.46966 1)
(-13.6113 3.99245 1)
(-13.622 4.50358 1)
(-13.6447 4.99645 1)
(-13.6779 5.46529 1)
(-13.6558 5.92137 1)
(-13.5945 6.32875 1)
(4.01606 -6.10162 1)
(-9.37837 -6.10413 1)
(-4.55258 -6.10508 1)
(-5.62536 -6.10905 1)
(-6.69736 -6.10951 1)
(13.6152 -2.93345 1)
(13.4998 5.64663 1)
(-7.76847 -6.10854 1)
(-8.30446 -6.10775 1)
(-7.23291 -6.10908 1)
(-9.9172 -6.09992 1)
(13.6071 1.34195 1)
(-3.48118 -6.1023 1)
(-2.40977 -6.10442 1)
(-1.33754 -6.10368 1)
(-0.266395 -6.11581 1)
(0.807487 -6.12414 1)
(1.87851 -6.11221 1)
(2.94635 -6.10091 1)
(3.48075 -6.10024 1)
(5.08851 -6.10603 1)
(6.16102 -6.10765 1)
(7.23334 -6.10708 1)
(8.30622 -6.10566 1)
(9.37675 -6.10981 1)
(10.434 -6.13558 1)
(11.4841 -6.13042 1)
(12.5199 -6.10836 1)
(13.6129 -1.86735 1)
(-5.089 -6.10746 1)
(-6.16149 -6.10961 1)
(13.6084 -0.266558 1)
(-13.0886 6.38731 1)
(-12.583 6.40037 1)
(-12.0647 6.39871 1)
(-11.5423 6.3785 1)
(-11.0128 6.36961 1)
(-10.4759 6.37142 1)
(-9.93676 6.37421 1)
(-9.39843 6.3754 1)
(-8.86141 6.37576 1)
(-8.32517 6.3758 1)
(-7.78918 6.37563 1)
(-7.25317 6.37523 1)
(-6.71706 6.37456 1)
(-6.18084 6.37355 1)
(-5.64464 6.3722 1)
(-5.10879 6.37085 1)
(-4.57359 6.37008 1)
(-4.03881 6.37018 1)
(-3.50371 6.37024 1)
(-2.96784 6.36856 1)
(-2.43179 6.36432 1)
(-1.89646 6.35896 1)
(-1.36207 6.35541 1)
(-0.828155 6.35574 1)
(-0.294103 6.35981 1)
(0.241162 6.36502 1)
(0.778407 6.36722 1)
(1.31632 6.36427 1)
(1.85263 6.35913 1)
(2.38738 6.35732 1)
(2.92221 6.36045 1)
(3.45776 6.36562 1)
(3.99396 6.37019 1)
(4.53037 6.37296 1)
(5.06657 6.37413 1)
(5.60249 6.37455 1)
(6.13834 6.37486 1)
(6.67432 6.37515 1)
(7.21047 6.37523 1)
(7.74681 6.37486 1)
(8.28333 6.37393 1)
(8.81985 6.3726 1)
(9.3559 6.3715 1)
(9.89111 6.37159 1)
(10.4261 6.37256 1)
(10.9613 6.37196 1)
(11.4919 6.37001 1)
(12.0045 6.37826 1)
(12.5101 6.37967 1)
(12.9471 6.38404 1)
(13.6105 -3.47084 1)
(-11.0011 -6.08647 1)
(13.6042 2.95585 1)
(13.7006 -5.56677 1)
(13.6013 -4.01227 1)
(13.5961 -4.55562 1)
(13.6079 0.804833 1)
(13.6091 -0.801246 1)
(13.6151 -2.40017 1)
(13.6082 0.268625 1)
(13.6105 -1.3352 1)
(13.6044 2.41811 1)
(13.6128 4.02526 1)
(13.6198 -5.09104 1)
(-8.84072 -6.10666 1)
(13.5594 5.10182 1)
(-12.6471 -6.06668 1)
(-11.5421 -6.08946 1)
(13.6059 1.87942 1)
(13.6073 3.4917 1)
(-10.4579 -6.09339 1)
(-13.1806 -6.07845 1)
(-2.94582 -6.10352 1)
(13.5541 -6.02206 1)
(13.4667 6.21774 1)
(-4.0166 -6.10294 1)
(-1.87322 -6.10351 1)
(-0.802288 -6.10786 1)
(0.270471 -6.12248 1)
(1.3436 -6.11962 1)
(2.41253 -6.10511 1)
(5.62486 -6.10704 1)
(2.36981 0.0907649 1)
(4.55206 -6.10385 1)
(6.6972 -6.1075 1)
(7.76991 -6.10615 1)
(8.84216 -6.10623 1)
(9.90854 -6.11864 1)
(10.9614 -6.14232 1)
(12.0043 -6.1118 1)
(-13.6595 -6.15181 1)
(13.0412 -6.06457 1)
(-13.5717 -5.67671 1)
(13.6018 4.56174 1)
(1.95184 1.37436 1)
(1.14023 2.05227 1)
(-1.99312 1.19112 1)
(-1.22661 1.92371 1)
(-0.00456955 2.43804 1)
(1.94093 -1.06185 1)
(1.21019 -1.93206 1)
(0.109956 -2.30305 1)
(-1.06271 -2.04919 1)
(-1.94729 -1.29174 1)
(-2.36944 -0.0822491 1)
(13.1481 -1.59867 1)
(-9.10893 -5.64108 1)
(2.67787 -5.63248 1)
(-13.0895 -4.3032 1)
(-13.1017 -3.75705 1)
(-13.1144 -3.21707 1)
(-13.1288 -2.67846 1)
(-13.1399 -2.14091 1)
(-13.1458 -1.60438 1)
(-13.1476 -1.06893 1)
(-13.1473 -0.534144 1)
(-13.1465 0.000574742 1)
(-13.1459 0.535512 1)
(-13.1455 1.07065 1)
(-13.145 1.60576 1)
(-13.1442 2.14049 1)
(-13.143 2.67425 1)
(-13.1417 3.20602 1)
(-13.1414 3.73377 1)
(-13.1456 4.25322 1)
(-13.1637 4.75658 1)
(-13.2066 5.23209 1)
(-13.2897 5.64728 1)
(-13.1648 6.01126 1)
(-8.03646 -5.6441 1)
(11.7147 -5.65525 1)
(-3.21285 -5.635 1)
(-6.4304 -5.64652 1)
(13.1424 1.61225 1)
(13.1569 -2.65555 1)
(-6.96585 -5.64583 1)
(-9.64734 -5.63697 1)
(12.9068 5.9122 1)
(-3.74768 -5.63372 1)
(8.03977 -5.6402 1)
(-1.60349 -5.6347 1)
(-0.531972 -5.64786 1)
(0.541564 -5.67175 1)
(1.61124 -5.65555 1)
(2.73162 0.637269 1)
(2.55404 -0.676071 1)
(12.723 -5.67003 1)
(5.89343 -5.64298 1)
(13.1896 -5.47633 1)
(6.96573 -5.64278 1)
(7.50241 -5.64171 1)
(4.82002 -5.63963 1)
(9.11439 -5.64087 1)
(10.1786 -5.66627 1)
(11.2061 -5.69871 1)
(13.144 0.00109946 1)
(-4.28378 -5.637 1)
(0.829597 -2.40263 1)
(2.14513 -5.6422 1)
(-12.6976 6.01883 1)
(-12.2004 6.0378 1)
(-11.69 5.99615 1)
(-11.163 5.97859 1)
(-10.6207 5.98425 1)
(-10.077 5.98932 1)
(-9.53666 5.99061 1)
(-8.99885 5.99092 1)
(-8.46228 5.99104 1)
(-7.92615 5.99087 1)
(-7.39008 5.99034 1)
(-6.85392 5.98944 1)
(-6.31755 5.98804 1)
(-5.78099 5.98592 1)
(-5.24462 5.9833 1)
(-4.70925 5.98126 1)
(-4.17521 5.98118 1)
(-3.64145 5.98254 1)
(-3.10655 5.98191 1)
(-2.5708 5.97617 1)
(-2.0357 5.96661 1)
(-1.50154 5.95858 1)
(-0.967601 5.95676 1)
(-0.43384 5.96217 1)
(0.100032 5.97246 1)
(0.636398 5.98006 1)
(1.17538 5.97702 1)
(1.7127 5.96597 1)
(2.24747 5.95945 1)
(2.78279 5.96341 1)
(3.3187 5.9721 1)
(3.85526 5.98047 1)
(4.39213 5.98582 1)
(4.92863 5.98804 1)
(5.46463 5.98871 1)
(6.00053 5.98919 1)
(6.53661 5.98977 1)
(7.0729 5.99017 1)
(7.6094 5.98995 1)
(8.14622 5.98881 1)
(8.68339 5.98666 1)
(9.22047 5.9841 1)
(9.75633 5.98304 1)
(10.2905 5.98555 1)
(10.8263 5.98777 1)
(11.3659 5.98092 1)
(11.8963 5.97202 1)
(12.3651 6.02162 1)
(-7.50101 -5.64496 1)
(1.88264 -1.81147 1)
(13.156 -3.18777 1)
(4.28302 -5.6354 1)
(13.1278 4.82001 1)
(13.1639 4.28928 1)
(13.1229 -4.27544 1)
(13.1436 1.07366 1)
(13.1443 -0.533676 1)
(13.1525 -2.12734 1)
(13.1439 0.536827 1)
(13.1455 -1.06708 1)
(13.1376 2.69345 1)
(-1.82546 1.79384 1)
(-12.994 -5.50635 1)
(-2.68808 0.482597 1)
(1.71827 1.96435 1)
(0.942593 2.52631 1)
(-5.35806 -5.64506 1)
(2.52717 1.26729 1)
(-10.7347 -5.61625 1)
(0.460772 2.8662 1)
(-0.520892 2.61312 1)
(-8.5724 -5.64295 1)
(13.0174 5.3504 1)
(-2.40439 -0.801304 1)
(-1.68551 -2.00183 1)
(-0.623282 -2.55112 1)
(-12.3826 -5.62195 1)
(-11.2847 -5.60408 1)
(13.109 -4.85039 1)
(13.1445 -3.72548 1)
(13.1402 2.15183 1)
(-2.14066 -5.6388 1)
(13.1453 3.76824 1)
(-10.1882 -5.62952 1)
(-4.82088 -5.6416 1)
(-11.8205 -5.63441 1)
(-1.05459 2.50931 1)
(3.74664 -5.63148 1)
(5.35688 -5.64201 1)
(6.4295 -5.64331 1)
(-2.5495 -1.35652 1)
(-2.67757 -5.63883 1)
(2.94278 -0.00841515 1)
(1.07715 -5.66789 1)
(0.00442425 -5.66367 1)
(-1.06769 -5.636 1)
(12.2369 -5.63053 1)
(2.40016 -1.37612 1)
(1.4903 -2.43111 1)
(8.57699 -5.63945 1)
(-5.89449 -5.64653 1)
(-0.0921839 -2.84529 1)
(3.21134 -5.62897 1)
(-13.0646 -4.8695 1)
(9.64957 -5.64827 1)
(10.6893 -5.70419 1)
(0.469254 -2.86848 1)
(13.1377 3.23391 1)
(-2.94115 -0.00501773 1)
(-2.36864 1.60856 1)
(2.30216 1.88217 1)
(1.46798 2.51804 1)
(-0.180304 3.04307 1)
(-1.31912 -2.55255 1)
(-2.3702 -2.00084 1)
(-2.51281 1.02733 1)
(-1.66729 2.41449 1)
(-2.94445 -5.16952 1)
(-12.6258 -3.48149 1)
(-12.6481 -2.94294 1)
(-12.669 -2.40478 1)
(-12.6818 -1.86811 1)
(-12.6859 -1.3333 1)
(-12.6854 -0.799743 1)
(-12.6839 -0.266168 1)
(-12.6828 0.267976 1)
(-12.6822 0.802681 1)
(-12.6817 1.33766 1)
(-12.6808 1.87257 1)
(-12.6792 2.40696 1)
(-12.677 2.94028 1)
(-12.6744 3.47184 1)
(-12.672 4.00046 1)
(-12.6763 4.52252 1)
(-12.7114 5.03231 1)
(-12.8085 5.55627 1)
(12.5624 -5.12557 1)
(1.87484 -5.18363 1)
(-3.04543 -0.980873 1)
(1.34133 -5.20698 1)
(0.278047 -5.22318 1)
(6.1625 -5.1784 1)
(-3.47717 -5.16065 1)
(1.10347 -2.92091 1)
(2.54887 -1.95457 1)
(-1.00428 -3.01084 1)
(-9.3764 -5.17426 1)
(3.285 0.560459 1)
(-6.6996 -5.18301 1)
(12.695 -2.38017 1)
(2.04915 2.48496 1)
(-2.84161 1.40488 1)
(12.6716 -3.96073 1)
(11.9273 -5.16571 1)
(-1.33319 -5.15834 1)
(-0.499137 -3.20157 1)
(-0.25782 -5.1982 1)
(3.22277 -0.607388 1)
(-2.77627 -0.472611 1)
(8.31115 -5.17277 1)
(7.77227 -5.17519 1)
(12.6796 0.268449 1)
(12.6776 1.88388 1)
(12.6692 3.52353 1)
(9.39198 -5.17515 1)
(-3.22073 -0.426857 1)
(-0.793755 -5.16813 1)
(0.811077 -5.22477 1)
(-12.3643 5.7009 1)
(-11.8931 5.60912 1)
(-11.3678 5.56683 1)
(-10.8052 5.58556 1)
(-10.2521 5.59532 1)
(-9.70938 5.59536 1)
(-9.17084 5.59513 1)
(-8.63381 5.59541 1)
(-8.09741 5.59533 1)
(-7.56125 5.59466 1)
(-7.02509 5.59347 1)
(-6.48876 5.59171 1)
(-5.95197 5.58891 1)
(-5.41479 5.58456 1)
(-4.87837 5.57969 1)
(-4.34431 5.57757 1)
(-3.8126 5.58064 1)
(-3.28031 5.58422 1)
(-2.74609 5.57913 1)
(-2.2122 5.56359 1)
(-1.67903 5.54691 1)
(-1.14416 5.53937 1)
(-0.608377 5.54382 1)
(-0.0742256 5.55937 1)
(0.458028 5.58024 1)
(0.995823 5.58421 1)
(1.53427 5.5629 1)
(2.06854 5.54299 1)
(2.60677 5.54653 1)
(3.14436 5.56017 1)
(3.68153 5.57525 1)
(4.21901 5.58584 1)
(4.75586 5.59023 1)
(5.29185 5.59124 1)
(5.82775 5.59187 1)
(6.36401 5.59291 1)
(6.90056 5.59389 1)
(7.43719 5.59413 1)
(7.97407 5.59314 1)
(8.51166 5.59044 1)
(9.05018 5.58593 1)
(9.58851 5.58134 1)
(10.1235 5.58224 1)
(10.6544 5.59322 1)
(11.1945 5.59399 1)
(11.7563 5.56255 1)
(12.3806 5.53913 1)
(4.55131 -5.17058 1)
(10.9305 -5.31621 1)
(-5.09139 -5.18063 1)
(-10.4584 -5.15454 1)
(12.6792 -0.266683 1)
(12.6795 -0.800458 1)
(-2.26778 2.22352 1)
(7.23475 -5.17708 1)
(-3.17605 0.425626 1)
(3.47553 -5.15525 1)
(-12.5669 -5.10275 1)
(-5.62856 -5.18388 1)
(1.11059 2.9747 1)
(12.669 2.97622 1)
(-1.92826 -2.5972 1)
(-8.30412 -5.17921 1)
(-11.0129 -5.1286 1)
(2.93999 -5.15337 1)
(-3.06021 0.927004 1)
(3.09817 1.17678 1)
(12.6795 1.34351 1)
(10.4659 -5.22319 1)
(12.623 -4.51497 1)
(12.6735 2.42849 1)
(12.7529 4.53234 1)
(-1.8713 -5.16928 1)
(12.6846 4.05998 1)
(-9.91443 -5.16862 1)
(12.6815 -1.3317 1)
(-11.6034 -5.08898 1)
(-0.808742 3.07522 1)
(12.7029 -2.90157 1)
(-7.23405 -5.18152 1)
(2.40756 -5.16304 1)
(-4.01357 -5.16425 1)
(11.3852 -5.21747 1)
(4.01316 -5.16338 1)
(5.62617 -5.1781 1)
(6.69826 -5.17824 1)
(-12.6064 -4.55877 1)
(8.8505 -5.17174 1)
(-7.76884 -5.18028 1)
(5.08911 -5.176 1)
(-6.16453 -5.18417 1)
(3.51527 -0.0213738 1)
(-3.00855 -1.66562 1)
(-4.55258 -5.17329 1)
(12.6865 -1.85736 1)
(1.73456 3.0915 1)
(0.739886 3.34254 1)
(3.01004 -1.34949 1)
(-3.48667 0.0155747 1)
(9.93313 -5.19 1)
(-12.6142 -4.01857 1)
(12.6797 0.805305 1)
(0.103605 -3.34521 1)
(12.6989 -3.42584 1)
(-2.83121 1.93997 1)
(-8.84002 -5.17726 1)
(-2.40893 -5.17719 1)
(2.8883 1.79983 1)
(0.197272 3.57949 1)
(-12.0961 -5.24972 1)
(-1.43269 3.0248 1)
(2.12442 -2.47018 1)
(1.74256 -2.99425 1)
(-1.53817 -3.11804 1)
(-3.56124 -1.32285 1)
(8.58428 -4.70294 1)
(3.82464 -0.516665 1)
(12.5901 4.9908 1)
(-12.1909 -2.66339 1)
(-12.2171 -2.12702 1)
(-12.2263 -1.59364 1)
(-12.2251 -1.06302 1)
(-12.2221 -0.531757 1)
(-12.22 0.000869868 1)
(-12.219 0.534716 1)
(-12.2185 1.06925 1)
(-12.2177 1.60397 1)
(-12.216 2.13847 1)
(-12.213 2.67224 1)
(-12.2094 3.20468 1)
(-12.2053 3.73619 1)
(-12.1976 4.26839 1)
(-12.1932 4.79711 1)
(-12.2589 5.2834 1)
(1.59656 -4.73779 1)
(12.2141 -5.09662e-05 1)
(-12.1332 -4.79631 1)
(0.723595 -3.39041 1)
(12.2165 -1.59371 1)
(6.43174 -4.71256 1)
(12.2161 1.07387 1)
(-0.338897 -3.75129 1)
(1.22697 3.48545 1)
(2.38813 3.02032 1)
(-8.5714 -4.7134 1)
(-0.481787 3.59133 1)
(3.74203 -4.68325 1)
(-10.1759 -4.69895 1)
(-0.50482 -4.70779 1)
(12.258 -3.12853 1)
(12.226 -2.11303 1)
(10.2417 -4.74061 1)
(-9.1067 -4.7102 1)
(12.1984 3.84207 1)
(9.6777 -4.71134 1)
(0.5499 -4.79474 1)
(2.35819 -3.07595 1)
(-1.05621 -4.67289 1)
(8.04335 -4.70684 1)
(-1.03401 -3.6037 1)
(1.06468 -4.76959 1)
(12.2151 0.536196 1)
(-6.43487 -4.72104 1)
(-11.6557 5.1036 1)
(-11.0251 5.1707 1)
(-10.4582 5.19275 1)
(-9.91688 5.1867 1)
(-9.37901 5.18447 1)
(-8.84125 5.18531 1)
(-8.30425 5.1856 1)
(-7.76793 5.18476 1)
(-7.2318 5.18313 1)
(-6.69565 5.18089 1)
(-6.1592 5.1778 1)
(-5.62162 5.17231 1)
(-5.08317 5.16319 1)
(-4.5468 5.15464 1)
(-4.01521 5.1554 1)
(-3.48799 5.16812 1)
(-2.95837 5.17218 1)
(-2.42832 5.15125 1)
(-1.8998 5.11842 1)
(-1.36383 5.09897 1)
(-0.821562 5.09777 1)
(-0.280173 5.1145 1)
(0.253103 5.14823 1)
(0.775224 5.18839 1)
(1.3124 5.16009 1)
(1.83992 5.09995 1)
(2.3905 5.10127 1)
(2.93418 5.11985 1)
(3.4721 5.1457 1)
(4.01014 5.16748 1)
(4.54713 5.17683 1)
(5.0825 5.17822 1)
(5.61814 5.17877 1)
(6.15474 5.18043 1)
(6.69188 5.1824 1)
(7.22885 5.18353 1)
(7.76549 5.18314 1)
(8.30261 5.18068 1)
(8.84165 5.17516 1)
(9.38345 5.16602 1)
(9.92563 5.15747 1)
(10.4584 5.16651 1)
(10.9748 5.20338 1)
(11.5111 5.17953 1)
(12.0464 5.07757 1)
(12.2432 -3.63784 1)
(12.0826 -4.66443 1)
(3.13327 -2.06747 1)
(-2.14288 -4.7191 1)
(-4.2837 -4.70017 1)
(12.2132 -0.534756 1)
(4.82214 -4.7077 1)
(-12.1169 -3.74678 1)
(-2.14069 2.9543 1)
(7.50447 -4.70989 1)
(-2.67588 -4.71638 1)
(12.2424 -2.62345 1)
(3.81287 0.497542 1)
(-1.10951 3.58684 1)
(-4.82612 -4.71503 1)
(-2.51435 -2.70638 1)
(-12.1327 -4.27605 1)
(2.73353 -2.56227 1)
(-5.36465 -4.72199 1)
(1.34772 -3.42879 1)
(3.20123 -4.67055 1)
(-10.716 -4.67371 1)
(12.1972 3.26918 1)
(3.6678 1.08953 1)
(-1.60894 -4.67948 1)
(12.1823 -4.14987 1)
(12.2057 2.71034 1)
(-9.64134 -4.70605 1)
(12.2135 -1.06751 1)
(2.64697 2.41892 1)
(-11.2509 -4.61998 1)
(12.213 2.15829 1)
(-6.96816 -4.71831 1)
(2.66309 -4.66978 1)
(11.5083 -4.74004 1)
(4.28249 -4.69811 1)
(5.89625 -4.71338 1)
(6.9671 -4.71196 1)
(-3.20047 -4.68135 1)
(10.8822 -4.8142 1)
(9.12774 -4.70175 1)
(-7.50178 -4.71633 1)
(5.3599 -4.71272 1)
(12.2304 4.47567 1)
(1.67754 3.65625 1)
(4.06486 -0.0138604 1)
(-11.7286 -4.56403 1)
(2.12998 -4.69563 1)
(2.1694 3.59157 1)
(12.216 1.61382 1)
(-12.1528 -3.20248 1)
(0.342848 -3.891 1)
(1.99147 -3.62873 1)
(0.0229508 -4.77282 1)
(-3.65184 0.686707 1)
(-8.03638 -4.71487 1)
(-3.49903 -1.96401 1)
(-3.73919 -4.68231 1)
(3.60702 -1.06311 1)
(-5.90077 -4.72302 1)
(-2.7632 2.56157 1)
(-2.11813 -3.19654 1)
(3.48745 1.71972 1)
(3.56719 -1.65951 1)
(0.797464 3.84569 1)
(-1.73081 3.57996 1)
(-3.71625 -0.617804 1)
(-2.98175 -2.30616 1)
(-3.38142 1.48603 1)
(-9.90347 -4.23489 1)
(3.98674 -1.37947 1)
(-11.7719 -1.84698 1)
(-11.7677 -1.32308 1)
(-11.7619 -0.795853 1)
(-11.7578 -0.265749 1)
(-11.756 0.266817 1)
(-11.7554 0.800626 1)
(-11.7549 1.33483 1)
(-11.7534 1.86897 1)
(-11.7499 2.40275 1)
(-11.7444 2.93523 1)
(-11.7399 3.4648 1)
(-11.7367 3.99384 1)
(-11.7122 4.53232 1)
(-2.76867 3.19295 1)
(-3.99721 1.24838 1)
(-0.171016 -4.27065 1)
(-0.746601 -4.18723 1)
(11.8322 -3.33133 1)
(4.01519 -4.21714 1)
(11.7537 1.34158 1)
(1.5086 -3.89452 1)
(-4.0193 -1.66998 1)
(0.774892 -4.33088 1)
(-4.02116 0.0573785 1)
(1.83699 -4.24794 1)
(6.70033 -4.24475 1)
(-5.63996 -4.26401 1)
(-7.76895 -4.24997 1)
(9.95962 -4.24874 1)
(-3.31627 2.21014 1)
(-0.794626 4.11609 1)
(7.77409 -4.24119 1)
(4.28016 0.424098 1)
(0.991716 -3.86917 1)
(2.95082 -3.13843 1)
(11.747 -0.268689 1)
(1.29914 -4.31782 1)
(0.303182 -4.39979 1)
(-6.17322 -4.26099 1)
(8.85924 -4.22795 1)
(11.751 0.804037 1)
(-11.6964 -2.90836 1)
(-11.2108 4.72879 1)
(1.33945 4.02585 1)
(-10.6722 4.78974 1)
(-10.1528 4.76297 1)
(-9.61964 4.75477 1)
(-9.07989 4.75798 1)
(-8.54115 4.75948 1)
(-8.0046 4.75836 1)
(-7.46862 4.75615 1)
(-6.93257 4.75298 1)
(-6.39675 4.7492 1)
(-5.86062 4.74453 1)
(-5.32142 4.73355 1)
(-4.77978 4.71327 1)
(-4.24259 4.70008 1)
(-3.71297 4.7139 1)
(-3.19763 4.75156 1)
(-2.67614 4.73901 1)
(-2.16581 4.67611 1)
(-1.63156 4.63319 1)
(-1.07712 4.62154 1)
(-0.516679 4.63155 1)
(0.0369643 4.67034 1)
(0.563919 4.7341 1)
(1.04039 4.81548 1)
(1.5238 4.6062 1)
(2.1348 4.62336 1)
(2.69859 4.64101 1)
(3.2352 4.67649 1)
(3.77312 4.72344 1)
(4.30931 4.74552 1)
(4.84179 4.74683 1)
(5.37616 4.74642 1)
(5.91324 4.74875 1)
(6.4517 4.75244 1)
(6.98975 4.75511 1)
(7.52632 4.75567 1)
(8.06188 4.75405 1)
(8.59876 4.74952 1)
(9.1406 4.73921 1)
(9.69097 4.72037 1)
(10.2492 4.70077 1)
(10.783 4.7399 1)
(11.24 4.84108 1)
(11.6864 4.67705 1)
(10.5246 -4.29684 1)
(-3.45185 -4.17942 1)
(-4.01357 -4.21697 1)
(11.7342 2.99329 1)
(11.7449 -1.33525 1)
(5.09612 -4.24625 1)
(-2.64844 -3.25878 1)
(-1.72845 -3.67957 1)
(4.17697 -0.935096 1)
(-1.38007 4.11897 1)
(-2.41036 -4.31346 1)
(11.767 -2.36662 1)
(3.68782 -2.21798 1)
(0.382083 4.22079 1)
(-8.83815 -4.24633 1)
(-4.56407 -4.24755 1)
(-5.10474 -4.26138 1)
(-8.3032 -4.2487 1)
(3.47 -4.19208 1)
(-10.4256 -4.23627 1)
(4.21005 0.932551 1)
(11.749 0.267437 1)
(11.7499 -1.85875 1)
(-0.198052 4.13213 1)
(-9.37266 -4.24048 1)
(3.30433 -2.65781 1)
(11.7456 -0.804295 1)
(4.40432 -0.441462 1)
(11.7491 2.43367 1)
(-10.9655 -4.18017 1)
(-6.70431 -4.25564 1)
(2.91936 -4.16942 1)
(11.6575 -4.26971 1)
(11.7143 4.13292 1)
(4.55678 -4.23734 1)
(6.16623 -4.24632 1)
(7.23545 -4.24429 1)
(-2.89478 -4.19478 1)
(11.095 -4.32248 1)
(9.40795 -4.22763 1)
(-7.23575 -4.25192 1)
(5.63197 -4.24812 1)
(-1.94939 4.14703 1)
(-11.5577 -4.05667 1)
(1.88894 4.11908 1)
(2.99423 2.97664 1)
(2.73829 3.57465 1)
(-3.27726 2.82496 1)
(-11.751 -2.37555 1)
(2.62431 -3.64235 1)
(4.61512 0.0695118 1)
(8.31535 -4.2354 1)
(-3.9679 -2.24543 1)
(-3.06265 -2.93361 1)
(-3.84235 1.89778 1)
(4.11235 -1.83704 1)
(-1.34663 -4.16482 1)
(11.7165 3.56265 1)
(11.7548 1.88402 1)
(-11.6331 -3.45116 1)
(2.36551 -4.17123 1)
(0.943912 4.36578 1)
(-2.40363 -3.77582 1)
(11.7992 -2.85672 1)
(-4.27864 0.647605 1)
(-4.34661 -0.47199 1)
(4.14744 1.62413 1)
(-4.14121 -1.07067 1)
(-3.49848 -2.56765 1)
(-2.34008 3.65137 1)
(-1.92432 -4.21177 1)
(11.7852 -3.81034 1)
(3.24106 2.35076 1)
(10.2312 -3.78541 1)
(-11.3038 -1.06068 1)
(-11.2967 -0.532965 1)
(-11.2932 -0.00140323 1)
(-11.2921 0.531802 1)
(-11.292 1.06537 1)
(-11.2913 1.5987 1)
(-11.2886 2.13176 1)
(-11.2813 2.66482 1)
(-11.2703 3.19564 1)
(-11.2686 3.71651 1)
(-11.2802 4.22193 1)
(4.29753 -3.76057 1)
(11.314 -2.63176 1)
(11.2807 -0.000617116 1)
(-11.1055 -3.641 1)
(-4.3128 -3.77806 1)
(4.47616 -1.40093 1)
(6.96724 -3.7749 1)
(-4.45136 -1.99007 1)
(-3.79646 2.53371 1)
(-9.1042 -3.77763 1)
(-11.3313 -2.08562 1)
(8.04325 -3.77058 1)
(-4.72262 -0.909683 1)
(-5.91541 -3.80518 1)
(3.20073 -3.67986 1)
(11.2091 3.84581 1)
(-11.1602 -3.10788 1)
(11.2875 1.07113 1)
(-4.34089 1.67715 1)
(-10.4128 4.3308 1)
(-9.89103 4.29927 1)
(-9.34169 4.31332 1)
(-8.79729 4.31869 1)
(-8.26068 4.31623 1)
(-7.72557 4.31329 1)
(-7.1897 4.30932 1)
(-6.65361 4.30324 1)
(-6.11927 4.29761 1)
(-5.58576 4.29325 1)
(-5.04332 4.26892 1)
(-4.49261 4.21801 1)
(-3.94601 4.21248 1)
(-3.40654 4.26428 1)
(-2.94147 4.35807 1)
(3.00239 4.14533 1)
(3.52706 4.23892 1)
(4.05842 4.30075 1)
(4.57959 4.29803 1)
(5.11003 4.29401 1)
(5.64784 4.29654 1)
(6.18895 4.3032 1)
(6.72974 4.30891 1)
(7.2675 4.31085 1)
(7.80143 4.30958 1)
(8.33342 4.3066 1)
(8.86817 4.30014 1)
(9.41346 4.28218 1)
(9.9827 4.24203 1)
(10.6272 4.17196 1)
(11.2075 4.38444 1)
(11.2751 -1.0769 1)
(11.2524 3.27239 1)
(2.44649 4.12336 1)
(-9.64155 -3.76521 1)
(-3.11984 -3.6107 1)
(11.298 2.1507 1)
(11.295 1.60775 1)
(-7.50186 -3.78364 1)
(-4.59921 0.0975926 1)
(11.2786 -0.538808 1)
(-4.55295 -1.45392 1)
(-4.85362 -3.80351 1)
(-11.2747 -2.60017 1)
(-8.03486 -3.78299 1)
(3.75318 -3.72406 1)
(-10.1703 -3.75815 1)
(4.70842 0.628657 1)
(11.2832 0.53591 1)
(11.2724 -1.61039 1)
(-3.27053 3.35706 1)
(-10.8712 4.41268 1)
(9.13846 -3.74154 1)
(5.37171 -3.783 1)
(4.73195 -0.891753 1)
(3.84064 2.28749 1)
(11.2853 2.70487 1)
(-10.6461 -3.80887 1)
(-6.44352 -3.79453 1)
(4.83639 -3.78085 1)
(11.3741 -3.09736 1)
(6.43452 -3.77544 1)
(7.50253 -3.77565 1)
(-8.56956 -3.78172 1)
(11.2809 -3.88656 1)
(9.68562 -3.74336 1)
(10.7669 -3.84866 1)
(-6.97136 -3.78653 1)
(5.90318 -3.77888 1)
(-11.3165 -1.57954 1)
(3.58326 2.90416 1)
(-2.48499 4.22504 1)
(3.35605 3.58779 1)
(-3.75006 -3.71214 1)
(11.2813 -2.13157 1)
(4.98791 -0.352533 1)
(-4.32253 2.2372 1)
(8.5888 -3.75797 1)
(4.20816 -2.33764 1)
(4.69676 1.21535 1)
(-5.38416 -3.80786 1)
(-4.41794 -2.50938 1)
(-3.9726 -2.7884 1)
(-3.75509 3.1583 1)
(-2.96492 3.82507 1)
(-4.60787 1.18372 1)
(3.84472 -2.75845 1)
(-4.94287 -0.379277 1)
(11.4528 -3.51113 1)
(3.51069 -3.20706 1)
(-10.8375 -0.805265 1)
(4.16909 2.84343 1)
(-10.8312 -0.2713 1)
(-10.8288 0.262436 1)
(-10.8286 0.79578 1)
(-10.8289 1.32821 1)
(-10.8279 1.85955 1)
(-10.8234 2.39071 1)
(-10.808 2.92539 1)
(-10.7816 3.46149 1)
(-10.7993 3.96912 1)
(8.31031 -3.29778 1)
(-4.62187 -3.35483 1)
(10.813 0.270713 1)
(5.19543 0.843286 1)
(4.70214 -1.94113 1)
(-7.76563 -3.31504 1)
(-8.83509 -3.31249 1)
(-4.25787 2.87605 1)
(10.8446 1.86831 1)
(-5.6624 -3.35866 1)
(10.8261 1.33698 1)
(-10.5472 -3.27274 1)
(-4.86241 0.631275 1)
(-3.57177 -3.16176 1)
(-9.61394 3.85545 1)
(-9.05778 3.87228 1)
(-8.52437 3.86355 1)
(-7.99239 3.85837 1)
(-7.458 3.85534 1)
(-6.9211 3.84792 1)
(-6.38414 3.83486 1)
(-5.85439 3.82903 1)
(-5.33361 3.83714 1)
(-4.79103 3.76877 1)
(-4.21439 3.60211 1)
(4.58679 -3.31548 1)
(-9.36727 -3.31173 1)
(3.82815 3.87223 1)
(4.30189 3.8384 1)
(4.82431 3.8254 1)
(5.36575 3.82541 1)
(5.91203 3.83665 1)
(6.45822 3.84883 1)
(6.99994 3.85415 1)
(7.53406 3.85189 1)
(8.06126 3.84758 1)
(8.58489 3.84496 1)
(9.11118 3.83884 1)
(9.65008 3.80881 1)
(10.2065 3.72621 1)
(10.7459 3.53949 1)
(-6.70904 -3.31971 1)
(5.1542 0.233659 1)
(10.7936 -1.90137 1)
(10.8119 -0.268894 1)
(5.02085 -1.385 1)
(-5.13281 -3.35097 1)
(4.765 1.81342 1)
(10.8158 0.806335 1)
(4.05231 -3.27311 1)
(-9.92547 -3.27107 1)
(-4.09239 -3.30671 1)
(4.43463 2.30115 1)
(5.64322 -3.31057 1)
(10.8119 -2.43523 1)
(-4.85586 -2.29614 1)
(7.23147 -3.30409 1)
(10.884 -2.94783 1)
(-6.18595 -3.3385 1)
(5.11733 -3.32304 1)
(10.8082 -0.811457 1)
(-4.8976 1.8236 1)
(6.69987 -3.3007 1)
(7.76691 -3.3076 1)
(-8.29994 -3.31642 1)
(6.17051 -3.30192 1)
(-10.8751 -1.84259 1)
(4.35929 -2.84657 1)
(10.5204 -3.33905 1)
(10.8195 2.96542 1)
(5.29306 -0.842969 1)
(5.20885 1.42261 1)
(8.8634 -3.26811 1)
(10.8497 2.40944 1)
(-10.725 -2.72044 1)
(-10.2354 3.78427 1)
(-3.60632 3.74892 1)
(-10.8499 -1.33396 1)
(-7.23503 -3.31337 1)
(10.8002 -1.3568 1)
(-5.09496 -1.29955 1)
(-4.86985 -2.85555 1)
(-5.17738 0.131661 1)
(11.0182 -3.4345 1)
(4.65034 -2.4681 1)
(9.98179 -3.2464 1)
(-4.78063 2.55926 1)
(9.42663 -3.2277 1)
(-5.30199 -0.800773 1)
(5.90567 -2.82354 1)
(3.95045 3.38065 1)
(-10.3657 -0.00787206 1)
(-10.3642 0.526581 1)
(-10.3657 1.05783 1)
(-10.3662 1.58826 1)
(-10.3648 2.11481 1)
(-10.3606 2.64076 1)
(-10.3265 3.1841 1)
(-10.9287 -2.29492 1)
(5.69105 1.0952 1)
(5.3176 -1.8678 1)
(4.5063 3.34546 1)
(10.3415 3.18831 1)
(10.3417 0.547042 1)
(-10.101 -2.65916 1)
(-10.4038 -1.64202 1)
(-5.20952 1.14307 1)
(10.3432 0.00662047 1)
(7.49213 -2.83501 1)
(-9.83216 3.38132 1)
(-4.40033 -2.96195 1)
(-8.7857 3.40841 1)
(-8.26266 3.39488 1)
(-7.73151 3.39524 1)
(-7.19662 3.39274 1)
(-6.65661 3.37586 1)
(-6.11228 3.34307 1)
(-5.58814 3.35006 1)
(-5.12142 3.41388 1)
(-9.10217 -2.83576 1)
(-4.94774 -1.79889 1)
(10.3558 -2.79696 1)
(10.3181 -1.64867 1)
(5.06591 3.34128 1)
(5.62635 3.35355 1)
(6.18135 3.37808 1)
(6.73062 3.39401 1)
(7.26788 3.39077 1)
(7.79301 3.37945 1)
(8.30917 3.3732 1)
(8.81735 3.37661 1)
(9.32287 3.37807 1)
(9.83731 3.32858 1)
(-5.22197 -2.54176 1)
(-4.70273 3.18453 1)
(-5.41711 -2.93225 1)
(-6.44546 -2.85344 1)
(10.3705 1.60205 1)
(-10.3843 -1.09039 1)
(5.26378 1.93516 1)
(-9.59916 -2.86767 1)
(-9.30007 3.43854 1)
(6.96232 -2.8235 1)
(-7.49606 -2.84002 1)
(4.87487 -2.87487 1)
(5.6557 -0.251653 1)
(8.56854 -2.8223 1)
(-5.44857 -1.66619 1)
(-6.96768 -2.83465 1)
(10.3013 -2.22592 1)
(5.10875 -2.38115 1)
(-5.32965 -2.11997 1)
(-5.92962 -2.89627 1)
(10.3424 -0.536866 1)
(8.02473 -2.84412 1)
(-8.02793 -2.85047 1)
(6.4336 -2.81815 1)
(-5.31276 2.31727 1)
(10.3356 -1.08697 1)
(-10.4684 -2.19792 1)
(4.74742 2.84678 1)
(5.69339 0.463623 1)
(-5.63776 -1.1996 1)
(5.57782 -1.35047 1)
(5.68986 1.67545 1)
(5.01816 2.37139 1)
(10.3442 1.0817 1)
(-10.3727 -0.545579 1)
(-5.38384 0.603635 1)
(9.1314 -2.75048 1)
(-8.56487 -2.84899 1)
(5.38391 -2.84368 1)
(-5.53979 -0.300061 1)
(-5.22003 2.91878 1)
(10.4144 2.11971 1)
(-5.59613 1.6362 1)
(-9.90498 -0.278803 1)
(-9.9003 0.788177 1)
(-9.90506 1.31916 1)
(-9.90203 1.84512 1)
(-9.90182 2.36026 1)
(-9.91102 2.8635 1)
(6.16399 1.37291 1)
(5.87848 -1.83167 1)
(9.86462 0.832665 1)
(9.75799 -2.62632 1)
(-5.86376 0.877572 1)
(5.81908 -0.858787 1)
(6.16306 -2.32597 1)
(-6.16847 -2.39923 1)
(-8.00543 2.92809 1)
(-7.47477 2.93588 1)
(-6.94444 2.93216 1)
(-6.39978 2.89166 1)
(-5.79912 2.78141 1)
(-8.83308 -2.37837 1)
(5.33451 2.85407 1)
(5.9051 2.88726 1)
(6.46567 2.93549 1)
(7.00652 2.93777 1)
(7.53001 2.91191 1)
(8.04546 2.89183 1)
(8.55153 2.88808 1)
(9.03623 2.91071 1)
(-5.66528 -2.48467 1)
(10.4148 2.65249 1)
(7.75029 -2.37264 1)
(-9.94022 -1.38881 1)
(5.65132 2.32309 1)
(-9.96105 -1.99078 1)
(-6.69225 -2.34094 1)
(7.22408 -2.34674 1)
(-9.0561 2.96207 1)
(5.63026 -2.34314 1)
(9.82429 -1.94815 1)
(9.87083 0.287553 1)
(-9.50725 3.04992 1)
(-9.89712 0.25768 1)
(9.8731 -0.254701 1)
(9.87273 -0.801304 1)
(-7.22794 -2.34862 1)
(-7.75767 -2.37444 1)
(6.69514 -2.32879 1)
(6.23993 0.109729 1)
(6.13983 -1.30005 1)
(-5.89288 -0.736286 1)
(-5.91104 -1.5808 1)
(6.20345 0.769174 1)
(-8.54212 2.91972 1)
(8.79154 -2.33861 1)
(9.98062 2.857 1)
(-8.28575 -2.39458 1)
(-5.76102 0.230014 1)
(9.50597 2.9405 1)
(6.12284 1.93944 1)
(-5.79623 2.19458 1)
(-9.92324 -0.824491 1)
(9.85737 1.37704 1)
(-9.45002 -2.31825 1)
(9.86026 -1.36069 1)
(-5.82634 -2.02335 1)
(6.3562 -0.635592 1)
(8.26607 -2.39544 1)
(9.93478 1.87 1)
(9.40071 0.56895 1)
(-9.42552 0.520635 1)
(10.0282 2.36352 1)
(-9.44816 1.57919 1)
(-9.42632 2.10624 1)
(-9.43984 2.60483 1)
(-9.45211 -0.549558 1)
(-6.20136 -1.20403 1)
(-7.74051 2.47016 1)
(9.31169 -2.18852 1)
(6.42332 -1.81724 1)
(-6.15946 1.34604 1)
(-9.49745 -1.67737 1)
(6.75181 0.486787 1)
(-7.22523 2.48361 1)
(-6.72329 2.47924 1)
(-6.22545 2.39154 1)
(-9.48874 -1.09789 1)
(-8.01811 -1.92355 1)
(-6.33708 0.356457 1)
(6.75825 2.50858 1)
(7.26695 2.45367 1)
(7.78069 2.40907 1)
(8.30341 2.38994 1)
(8.8166 2.38686 1)
(-6.14971 1.84546 1)
(-8.88426 2.40892 1)
(-8.51845 -1.95658 1)
(-6.37879 -1.81121 1)
(7.49547 -1.87896 1)
(-9.44368 1.04949 1)
(-9.42678 -0.0109672 1)
(-6.14012 -0.220368 1)
(9.39529 0.0289431 1)
(9.40238 -0.5082 1)
(6.68573 1.09967 1)
(-6.9653 -1.82885 1)
(-7.50302 -1.87492 1)
(6.96044 -1.83726 1)
(8.47678 -1.98594 1)
(9.40512 -1.05531 1)
(8.01756 -1.92065 1)
(6.22127 2.46809 1)
(-9.03211 -1.88929 1)
(-8.27454 2.45204 1)
(9.38186 -1.61193 1)
(6.60512 1.65967 1)
(9.26747 2.46466 1)
(9.26988 1.80765 1)
(9.37635 1.1372 1)
(8.90163 -1.81096 1)
(6.68879 -1.28934 1)
(-6.5409 0.930086 1)
(6.82693 -0.158749 1)
(-8.99025 1.8377 1)
(-6.49635 -0.706812 1)
(-7.96834 1.9884 1)
(-7.80289 -1.42926 1)
(6.53857 2.12357 1)
(8.86825 1.38268 1)
(-6.98264 2.03724 1)
(-6.54755 2.05165 1)
(-8.9353 0.25409 1)
(-8.70584 -1.55846 1)
(7.49338 1.92159 1)
(8.03062 1.89535 1)
(8.60416 1.89033 1)
(9.61773 2.17954 1)
(-8.27816 -1.48881 1)
(7.24834 0.86062 1)
(-9.07811 -1.34789 1)
(-6.75003 -1.26274 1)
(-7.47133 2.02104 1)
(8.94346 -0.750862 1)
(-8.9586 0.789857 1)
(6.98607 2.02217 1)
(8.91854 0.309893 1)
(8.90224 -0.22145 1)
(6.99266 -0.789936 1)
(-7.28708 -1.34019 1)
(7.24199 -1.36227 1)
(8.95019 0.830365 1)
(7.13056 1.47302 1)
(7.31608 0.226819 1)
(-9.00986 1.30588 1)
(-8.4817 1.97701 1)
(-9.01541 -0.820236 1)
(-6.67682 1.53865 1)
(8.93839 -1.29463 1)
(8.39154 -1.48982 1)
(9.67515 2.56774 1)
(-8.95681 -0.28696 1)
(-6.74837 -0.137173 1)
(7.79593 -1.43202 1)
(-6.93693 0.45955 1)
(-7.19367 1.61812 1)
(7.71238 1.30977 1)
(-7.15391 -0.673248 1)
(-8.17411 1.5018 1)
(7.54231 -0.929257 1)
(-8.49707 -0.592418 1)
(8.30755 1.44371 1)
(8.54656 -1.00294 1)
(-8.43309 -0.033543 1)
(-8.43877 0.545568 1)
(-7.66352 1.50305 1)
(8.39248 0.0974576 1)
(-8.51041 1.0855 1)
(-8.61341 -1.10953 1)
(7.84366 0.554567 1)
(7.37973 -0.37071 1)
(-7.3624 -0.00564673 1)
(-8.63022 1.54296 1)
(8.07839 -0.99586 1)
(8.37901 -0.48728 1)
(8.46219 0.599383 1)
(-7.63978 -0.946701 1)
(8.55466 1.04741 1)
(-7.19657 1.06917 1)
(7.85199 -0.563163 1)
(-7.47503 0.553815 1)
(-7.87778 -0.403604 1)
(-8.12308 -0.981678 1)
(-7.92908 0.259563 1)
(7.86059 -0.0655129 1)
(-7.91705 0.93508 1)
(8.14008 0.980881 1)
)


// ************************************************************************* //
